   -0.39368228
    0.05271551
    0.08502385
   -0.26814565
    0.11148263
   -0.30774517
    0.07854621
   -0.41850696
    0.13322238
   -0.01438884
    0.11410909
   -0.17169257
    0.04206884
    0.28135231
   -0.39623960
   -0.15408316
    0.23217495
   -0.21077122
   -0.20948281
    0.13556953
    0.10502864
    0.10229238
    0.11827311
    0.06057642
    0.07502311
    0.36478911
    0.13484990
    0.15001005
    0.26121375
    0.28970419
    0.28571936
    0.38699809
    0.61180164
   -0.52927613
   -0.53328317
   -0.32681121
    0.06766628
    0.07473787
   -0.28417917
    0.11764842
   -0.31822826
    0.08158100
   -0.42450387
    0.12633326
   -0.03977657
    0.09104542
   -0.21279017
   -0.00124694
    0.25966420
   -0.42215340
   -0.17396535
    0.21817409
   -0.20765224
   -0.23029721
    0.11717931
    0.12205243
    0.06504628
    0.10276954
    0.04104281
    0.08824926
    0.36337351
    0.16478306
    0.15074379
    0.25399227
    0.27164516
    0.30183078
    0.59228448
   -0.53511068
   -0.55068021
   -0.34298206
    0.07698579
    0.08287483
   -0.28995600
    0.13275759
   -0.32214121
    0.08790882
   -0.45319937
    0.13718491
   -0.06909761
    0.10912236
   -0.23625054
    0.02119872
    0.16807751
   -0.21326416
   -0.27082205
    0.12535811
   -0.22719983
    0.11486982
    0.10237086
    0.05799263
    0.11477436
    0.02707038
    0.05459935
    0.38507520
    0.13200826
    0.08192648
    0.24206425
    0.26948862
    0.09434857
    0.57139705
   -0.54256572
   -0.56486240
   -0.34043149
    0.07650870
    0.08365190
   -0.30630239
    0.11944270
   -0.32029466
    0.08108650
   -0.43751859
    0.13598679
   -0.05841201
    0.11857755
   -0.24416532
    0.01771887
    0.26415316
   -0.41613273
   -0.18998697
    0.23281041
   -0.23153998
   -0.25516059
    0.12179570
    0.11092837
    0.05687850
    0.09901625
    0.03006837
    0.07641034
    0.36000383
    0.13472786
    0.08136419
    0.24357648
    0.25675573
    0.27325608
    0.56603669
   -0.55068338
   -0.57131799
   -0.34134254
    0.07983693
    0.08329129
   -0.30326767
    0.12387604
   -0.32207897
    0.09103987
   -0.44259117
    0.13732021
   -0.08699873
    0.31071501
   -0.43720203
   -0.19379297
    0.28189594
   -0.43481913
   -0.09085805
    0.03629332
    0.10607257
    0.05859047
    0.09779533
    0.02611949
    0.06413407
    0.36204952
    0.12427111
    0.25031841
    0.10238911
    0.10682280
    0.55039695
   -0.54972277
   -0.58192286
   -0.35097306
    0.07903551
    0.08685033
   -0.32105032
    0.12584124
   -0.32943659
    0.09537918
   -0.43476075
    0.14880352
   -0.06394323
    0.11634751
   -0.26739079
    0.03124695
    0.17020862
   -0.19631917
   -0.28199581
    0.12960201
   -0.26025302
    0.13614375
    0.09994362
    0.06508231
    0.08895431
    0.02929123
    0.05255359
    0.35340791
    0.11714251
    0.05164169
    0.28473687
    0.27268756
    0.08887626
    0.55912280
   -0.55656693
   -0.58871220
   -0.33783214
    0.08103490
    0.08804003
   -0.30433232
    0.13867451
   -0.33220413
    0.10200842
   -0.45770320
    0.14463830
   -0.07704039
    0.32076994
   -0.42853426
   -0.18211800
    0.27967038
   -0.43734320
   -0.09520656
    0.04378549
    0.09620870
    0.05512575
    0.10068874
    0.01996901
    0.03914589
    0.37974438
    0.12385681
    0.25503784
    0.07581054
    0.09107446
    0.55887611
   -0.54736099
   -0.58626589
   -0.34193849
    0.07508891
    0.08725781
   -0.32744419
    0.14015150
   -0.33884814
    0.09220364
   -0.45213672
    0.14139874
   -0.05944075
    0.12276693
   -0.26440812
    0.02325727
    0.26782500
   -0.43256389
   -0.19921366
    0.21474266
   -0.21400659
   -0.24995338
    0.12010117
    0.09671315
    0.05589533
    0.10398574
    0.01338333
    0.05986136
    0.39543923
    0.13805246
    0.04378470
    0.25781217
    0.28509985
    0.31586047
    0.59042858
   -0.54674444
   -0.59008814
   -0.32471229
    0.06075635
    0.07750712
   -0.31696875
    0.11458450
   -0.32756107
    0.08139375
   -0.38972302
    0.12205146
   -0.06524626
    0.30429623
   -0.38795949
   -0.18163562
    0.28200639
   -0.47547521
   -0.08327364
    0.02915977
    0.11881826
    0.06734901
    0.10958187
    0.03680143
    0.10375066
    0.35533828
    0.17688696
    0.26608103
    0.03730227
    0.10276666
    0.62364606
   -0.54260831
   -0.56820636
   -0.26626618
    0.07338328
    0.08012634
   -0.25586108
    0.09642143
   -0.24286368
    0.05604186
   -0.33561351
    0.12413472
    0.00497432
    0.10514179
   -0.19172062
    0.00516278
    0.13383905
   -0.23871453
   -0.11005659
    0.09809158
   -0.06872410
    0.10435058
    0.08937741
    0.10403026
    0.13918865
    0.07921551
    0.12710875
    0.42135099
    0.20577241
    0.08239509
    0.20559702
    0.19102709
    0.23104246
    0.69103392
   -0.48915842
   -0.54934735
   -0.32781824
    0.05046745
    0.05421698
   -0.21006050
    0.06875670
   -0.24956724
    0.01897004
   -0.32831134
    0.07500918
    0.00375729
    0.26192031
   -0.28539635
   -0.14610670
    0.27093853
   -0.37983097
   -0.05742536
    0.03084607
    0.14331118
    0.11764201
    0.16682882
    0.12520584
    0.20337035
    0.43204468
    0.27185805
    0.29407323
    0.10873567
    0.12994723
    0.78275759
   -0.46236710
   -0.53324765
   -0.19725339
   -0.01418186
    0.03284448
   -0.21197235
    0.07671186
   -0.23465752
    0.05567038
   -0.32928675
    0.07759686
    0.03545546
    0.29716516
   -0.26199140
   -0.06538364
    0.26273901
   -0.17403697
   -0.04681156
    0.00689297
    0.30021592
    0.33351332
    0.18432392
    0.15007697
    0.23898840
    0.44322166
    0.26929656
    0.31047926
    0.25056277
    0.24342675
    0.75680314
   -0.48115566
   -0.47050025
   -0.33037005
    0.04711981
    0.07594406
   -0.26837588
    0.08532822
   -0.32353307
    0.07334323
   -0.40247945
    0.12216342
   -0.00762680
    0.09477627
   -0.02240627
    0.04233991
    0.27888306
   -0.23677636
   -0.14360194
    0.22875719
   -0.17640788
   -0.16366509
    0.13117831
    0.15427666
    0.10839960
    0.10058066
    0.14205544
    0.13931412
    0.35404600
    0.15750327
    0.19153683
    0.25579636
    0.28060329
    0.29561721
    0.73811229
   -0.55406622
   -0.39938304
   -0.31015266
    0.06496984
    0.08522402
   -0.27270883
    0.11091527
   -0.35012479
    0.08304020
   -0.46805806
    0.13154397
   -0.03869848
    0.08135203
   -0.12319662
   -0.00840682
    0.24815838
   -0.31282963
   -0.16091378
    0.22900957
   -0.19798692
   -0.22013683
    0.12261678
    0.10304838
    0.04478125
    0.08993892
    0.10796259
    0.09003179
    0.37492820
    0.13793757
    0.14424366
    0.26748494
    0.28634351
    0.28224017
    0.66068823
   -0.55217273
   -0.46450487
   -0.30359710
    0.07595614
    0.08625100
   -0.29541159
    0.10877828
   -0.34785351
    0.08908478
   -0.43913087
    0.13798337
   -0.05290993
    0.31648583
   -0.47769480
   -0.33793399
    0.13861285
   -0.14839621
   -0.08711630
    0.03970520
    0.08562734
    0.03984639
    0.06322320
    0.09524464
    0.11045936
    0.34575414
    0.14460055
    0.24473422
    0.36743615
    0.22843371
    0.11843560
    0.62831752
   -0.57530592
   -0.50091997
   -0.31291250
    0.07929858
    0.08951975
   -0.28654848
    0.11127868
   -0.35863165
    0.08546152
   -0.43062820
    0.14842148
   -0.05039511
    0.09504119
   -0.11594774
   -0.03224777
    0.11364982
   -0.11951541
   -0.21342604
    0.10819377
   -0.18045713
    0.10717122
    0.08848460
    0.02465709
    0.07134324
    0.07585913
    0.07391342
    0.30779137
    0.13784960
    0.08767743
    0.35887559
    0.32366278
    0.10450248
    0.61838945
   -0.60465801
   -0.52823732
   -0.33175021
    0.08961816
    0.08594405
   -0.30262436
    0.12202847
   -0.35249165
    0.09490692
   -0.45303972
    0.14602965
   -0.07173213
    0.31898184
   -0.47856830
   -0.31953042
    0.14928566
   -0.16928312
   -0.08288844
    0.03879351
    0.07299509
    0.03107649
    0.06359607
    0.05649842
    0.08161300
    0.34681639
    0.14585588
    0.27416656
    0.30384879
    0.15391561
    0.08026483
    0.57890655
   -0.60337892
   -0.56225528
   -0.33156502
    0.08364663
    0.08911001
   -0.29646127
    0.14187775
   -0.34493568
    0.09270492
   -0.48520919
    0.14228525
   -0.08152937
    0.30591820
   -0.41591462
   -0.17832205
    0.25436697
   -0.33454013
   -0.08795485
    0.04499452
    0.10735318
    0.01698605
    0.07772490
    0.02799313
    0.06077495
    0.38963257
    0.14319491
    0.28201252
    0.13644838
    0.05692307
    0.56357484
   -0.59609341
   -0.59298312
   -0.34447542
    0.08699956
    0.08881259
   -0.31044530
    0.13895811
   -0.33806036
    0.09719313
   -0.46090926
    0.13819966
   -0.06479670
    0.11922076
   -0.22750134
    0.00657111
    0.25967740
   -0.32470472
   -0.17143385
    0.17605267
   -0.17688508
   -0.23718602
    0.10830985
    0.09699785
    0.02641025
    0.09337191
    0.01810603
    0.05128329
    0.39939236
    0.16526332
    0.01307014
    0.27095990
    0.31280243
    0.30823481
    0.59133490
   -0.59627401
   -0.59791846
   -0.29850165
    0.09421847
    0.08318646
   -0.29828144
    0.11546000
   -0.33662615
    0.07192715
   -0.40016142
    0.12659351
   -0.06491334
    0.11763660
   -0.24170609
    0.02036063
    0.13950031
   -0.21251982
   -0.20155546
    0.07475180
   -0.16111854
    0.09930835
    0.04869695
    0.02454164
    0.08662800
    0.02399551
    0.12316534
    0.35209161
    0.18390986
    0.05706534
    0.29105009
    0.20947416
    0.22036930
    0.61350291
   -0.55794772
   -0.59194197
   -0.32645264
    0.06114466
    0.06259931
   -0.25831432
    0.11096709
   -0.29702114
    0.06495782
   -0.38304610
    0.10689660
   -0.03312850
    0.10943210
   -0.25474734
    0.00050482
    0.25911789
   -0.46286232
   -0.19794226
    0.19316110
   -0.19215010
   -0.18650031
    0.08445700
    0.13575199
    0.06284888
    0.14237465
    0.03629211
    0.10323646
    0.38941170
    0.22906221
    0.09143180
    0.25481053
    0.28293039
    0.34129535
    0.63017217
   -0.53146902
   -0.57569771
   -0.34902455
    0.06334730
    0.06988276
   -0.26550161
    0.11705202
   -0.30068106
    0.08338601
   -0.40714745
    0.12218315
   -0.05407194
    0.31146839
   -0.43049532
   -0.35376515
    0.17527895
   -0.22819158
   -0.07652598
    0.04215850
    0.14547083
    0.07699342
    0.12564532
    0.04539787
    0.07908589
    0.38477967
    0.19253944
    0.23720693
    0.23072882
    0.08235906
    0.11763591
    0.61133593
   -0.53023718
   -0.56305631
   -0.34440881
    0.07286868
    0.08175807
   -0.27528071
    0.11725616
   -0.32497246
    0.08824239
   -0.41974948
    0.14124789
   -0.04670459
    0.10739539
   -0.23529469
    0.01779698
    0.16920135
   -0.21846459
   -0.27455496
    0.12257886
   -0.21096855
    0.12000535
    0.11941652
    0.06560675
    0.12092862
    0.03542874
    0.03667274
    0.32405709
    0.15469961
    0.09294258
    0.26272141
    0.25357564
    0.08622401
    0.60277649
   -0.54053621
   -0.55887958
   -0.34579824
    0.07777635
    0.08005165
   -0.29015254
    0.11950016
   -0.32707864
    0.09722969
   -0.43164201
    0.15222541
   -0.08239671
    0.31818681
   -0.45799981
   -0.19157962
    0.27797422
   -0.44724845
   -0.09384658
    0.03261219
    0.09093755
    0.07130157
    0.11448449
    0.03382897
    0.03475456
    0.34093786
    0.13311346
    0.24212776
    0.10283396
    0.12252038
    0.57469916
   -0.53739987
   -0.55906839
   -0.34355971
    0.08445315
    0.08662884
   -0.31364207
    0.12860731
   -0.32489240
    0.10064327
   -0.44382294
    0.15000628
   -0.06215637
    0.11535736
   -0.25067707
    0.02756023
    0.17124458
   -0.21070056
   -0.29330213
    0.13724137
   -0.26079801
    0.13495253
    0.07381760
    0.07080072
    0.09953886
    0.04105132
    0.03250187
    0.36034890
    0.10728489
    0.07593748
    0.28328178
    0.27113687
    0.07413910
    0.58268967
   -0.53557062
   -0.55859157
   -0.32778920
    0.07770349
    0.08476903
   -0.31822417
    0.12030924
   -0.33141743
    0.08941927
   -0.43595676
    0.14640166
   -0.08491924
    0.31859847
   -0.48924684
   -0.34379501
    0.17658007
   -0.21735103
   -0.08630850
    0.03547897
    0.09874107
    0.06561363
    0.08902626
    0.03938022
    0.08576331
    0.35622777
    0.12163433
    0.26763544
    0.26631678
    0.10435962
    0.11657316
    0.58028603
   -0.53579709
   -0.55224784
   -0.33777801
    0.07364966
    0.08874439
   -0.32159160
    0.12930442
   -0.33503083
    0.09623655
   -0.45205769
    0.14454435
   -0.07733617
    0.31179925
   -0.44188005
   -0.17802825
    0.27047800
   -0.41195458
   -0.09567200
    0.04142651
    0.09389183
    0.06225256
    0.09649838
    0.04727026
    0.04962303
    0.37038991
    0.10957793
    0.24250033
    0.11841725
    0.09463218
    0.58894199
   -0.54704667
   -0.56033021
   -0.32062825
    0.06979925
    0.08636522
   -0.32445495
    0.12364432
   -0.33761133
    0.06562075
   -0.42900306
    0.15403496
   -0.09830466
    0.31535997
   -0.47865719
   -0.32456619
    0.16923322
   -0.22163901
   -0.09352995
    0.03943422
    0.10774173
    0.05564155
    0.09705348
    0.03092827
    0.12313362
    0.34336992
    0.13171919
    0.26820182
    0.24321971
    0.08931015
    0.09885890
    0.58796840
   -0.53961357
   -0.56318905
   -0.32382781
    0.07865842
    0.09188103
   -0.33699312
    0.12571672
   -0.41422072
    0.11212367
   -0.37009594
    0.15130820
   -0.06877560
    0.32313669
   -0.46466335
   -0.31034199
    0.18125992
   -0.21301316
   -0.06891968
    0.04119959
    0.07266151
    0.09533553
    0.10898136
    0.08054736
    0.12802138
    0.37638492
    0.15289315
    0.28416003
    0.24317204
    0.08890684
    0.08811481
   -0.28163726
   -0.00002873
    0.06916063
   -0.19135459
    0.06913959
   -0.28431962
   -0.13708667
    0.11232421
   -0.00230006
    0.30474293
   -0.37847874
   -0.28873214
    0.13258450
   -0.17638691
   -0.08953191
    0.00943180
    0.22358038
    0.15602691
    0.19245022
    0.17769158
    0.16831424
    0.14959702
    0.21920370
    0.20698631
    0.25746598
    0.23063405
    0.21916748
    0.40956045
    0.77235038
   -0.46130768
   -0.30326940
   -0.23966177
    0.03854196
    0.07142735
   -0.18922830
    0.09832461
   -0.31479324
   -0.15003465
    0.12196306
    0.01418154
    0.06129489
   -0.09931280
   -0.06300280
    0.10566092
   -0.14917060
   -0.25590759
    0.10805728
   -0.12911534
    0.06629494
    0.14393274
    0.12984951
    0.15783762
    0.13859390
    0.19328986
    0.14295183
    0.16671516
    0.20970602
    0.27823564
    0.28591523
    0.09339492
    0.71950412
   -0.52544318
   -0.45014915
   -0.26780234
    0.05220786
    0.08049379
   -0.24523649
    0.10425401
   -0.32806755
   -0.12621441
    0.13197592
   -0.02591452
    0.06532481
   -0.09546259
   -0.06138302
    0.23154123
   -0.24755777
   -0.17351211
    0.19819151
   -0.20476213
   -0.21270684
    0.09178318
    0.13853092
    0.07668360
    0.09289503
    0.14010206
    0.14627386
    0.10201376
    0.13092924
    0.19246333
    0.24071809
    0.25270125
    0.25034843
    0.67518087
   -0.53727950
   -0.45738461
   -0.26937112
    0.06683207
    0.08093297
   -0.26011063
    0.11197463
   -0.34378260
   -0.12296563
    0.14482205
   -0.01681298
    0.29451158
   -0.40848006
   -0.16166758
    0.24728185
   -0.18550938
    0.01747645
   -0.19243194
    0.03355760
    0.07644023
    0.06416508
    0.08396467
    0.09722989
    0.14153510
    0.15022342
    0.10046301
    0.27490059
    0.15933017
    0.33799394
    0.27435291
    0.18066730
    0.63496362
   -0.56443067
   -0.51025849
   -0.28495683
    0.06747792
    0.08609407
   -0.28579198
    0.12103577
   -0.35840690
   -0.10630622
    0.14930852
   -0.02175066
    0.08949635
   -0.13010156
   -0.02152065
    0.23235119
   -0.20908961
   -0.17809308
    0.20982464
   -0.19560056
   -0.22288338
    0.11101255
    0.09835436
    0.05254485
    0.06687559
    0.06576176
    0.10537956
    0.10217101
    0.10006988
    0.12616823
    0.25975390
    0.28180415
    0.26494788
    0.61569462
   -0.56800792
   -0.54811202
   -0.30242460
    0.07457584
    0.08555396
   -0.29059480
    0.12500705
   -0.36294990
   -0.10609202
    0.13752990
   -0.03674561
    0.30261960
   -0.41514650
   -0.17939539
    0.22028617
   -0.24648363
   -0.02510314
   -0.17083756
    0.03188591
    0.09038637
    0.04298748
    0.07598871
    0.05765291
    0.10442649
    0.10758666
    0.13129198
    0.30829109
    0.10209377
    0.20011438
    0.21190508
    0.10995753
    0.61399515
   -0.56574768
   -0.54999153
   -0.30119234
    0.06970783
    0.09157887
   -0.26680445
    0.14426552
   -0.42127766
   -0.07663784
    0.14987593
   -0.03280634
    0.32522592
   -0.43772217
   -0.28238389
    0.16040841
   -0.20336224
   -0.08777462
    0.04519079
    0.10685029
    0.05686787
    0.09397310
    0.09281201
    0.12494559
    0.12015856
    0.16463437
    0.29406309
    0.26479738
    0.12125509
    0.08637495
