324.9094
118.4124
97.0647
236.9499
106.0728
210.5531
141.3372
97.5902
83.3743
18.5821
47.7411
34.0673
25.7327
136.0858
86.2953
36.7816
27.5385
27.6287
27.4627
26.4387
29.7943
29.0656
25.4233
23.1029
24.0688
25.6451
23.8444
30.4144
314.0950
260.8397
197.3101
250.8610
122.6428
101.1425
214.9462
120.5889
240.2292
143.9823
110.6265
79.6747
48.7335
-26.8754
61.4023
26.6927
34.1692
88.8142
31.3627
157.9334
92.3337
29.6155
27.5406
27.7765
27.2256
26.8399
29.0870
28.9918
25.6252
23.7550
16.8927
22.6607
22.8823
317.3348
257.0004
196.9533
232.0258
123.9399
102.7750
239.2596
117.9384
245.5342
151.2073
100.6689
85.4525
25.3676
54.6096
45.3451
24.2141
129.4872
89.3044
36.6329
27.6549
27.9651
27.5843
27.3735
29.6198
29.6390
25.5993
21.0363
24.6126
27.5089
23.8364
330.8383
216.8812
268.9033
252.8990
120.3928
106.2042
239.0884
121.1065
228.7844
145.9621
106.5158
72.8727
48.9905
2.6160
71.4422
30.2633
42.4335
93.7871
41.0036
175.8098
82.7928
32.1329
27.2471
27.4749
27.7188
27.1667
29.5262
29.1296
24.7066
24.7088
19.2156
26.7639
26.9429
324.7871
201.5752
257.8573
254.1696
114.0197
108.4549
251.8355
108.0150
223.0880
141.4623
96.8001
51.8246
44.5682
-4.6327
62.5557
27.0750
152.8478
14.6450
22.2195
10.9380
28.3996
26.0341
27.8429
27.2403
26.7579
29.0983
28.8522
25.2966
23.3181
24.9341
26.1666
23.6449
320.9380
196.8143
261.7860
245.7678
120.4124
100.4111
238.0518
117.8096
248.0718
150.9439
95.7511
56.1425
40.3916
4.9402
70.3661
29.3413
138.3075
24.9169
32.4675
27.1256
32.9928
27.5633
27.7876
27.2514
27.0573
29.2591
28.8348
24.4405
23.7709
24.4579
24.3383
23.9213
338.0807
206.7054
273.6057
258.3277
124.9816
103.4666
220.0882
113.2957
222.9398
151.2378
101.4666
84.6301
32.3897
33.3781
78.0493
29.4648
7.4527
73.0367
173.6838
44.1731
26.9539
27.4570
27.4423
26.9022
29.8082
29.0743
25.8964
17.7698
30.6444
30.3421
30.2502
24.6347
324.2015
218.6743
261.2507
236.8923
128.3561
98.3337
253.0662
104.4000
226.2959
138.1909
95.5952
89.5270
35.3352
50.3224
65.9495
11.4548
-7.6271
60.5692
174.1313
34.4414
27.8828
27.9926
27.4771
26.7958
29.4004
28.9191
24.3431
14.8726
29.8614
30.4062
30.0729
23.2408
332.1618
223.9963
267.1179
241.1232
117.9836
101.7085
215.8296
120.3448
215.8648
142.9624
95.8911
95.8055
31.3132
133.0903
81.9658
30.9372
43.5119
73.5472
28.2873
161.4138
76.1000
30.1403
117.0815
27.4043
27.3865
27.5240
26.9076
28.9525
29.5017
26.3671
19.7884
18.0508
26.3034
26.8716
324.4712
219.1498
266.8441
230.9918
114.4586
103.1986
255.0399
99.8291
218.4244
140.6621
95.3565
67.2984
45.2662
-15.3871
64.2716
29.7286
56.3504
101.4019
32.3337
164.2232
66.4852
30.9914
27.5087
27.8270
27.2481
26.9990
29.7741
29.0123
25.0995
23.8697
18.2495
23.6567
26.6794
327.4040
265.8968
206.0954
230.8588
118.4151
102.7809
242.6196
110.0983
230.2330
146.2472
92.4340
83.9542
31.8704
51.2283
42.1402
21.7694
139.1379
90.1408
39.6332
27.3704
28.0477
27.4194
26.7865
29.6181
29.1221
25.4936
22.9190
26.5581
26.7121
24.0595
329.2666
215.9789
266.9363
240.2170
116.1012
102.1533
220.1995
113.0303
274.6579
142.9109
96.6871
69.0115
39.5124
-10.1515
66.1300
26.1956
39.6937
102.0536
37.4511
156.4778
95.1842
28.3315
27.6532
27.4214
27.4918
26.9279
30.0756
29.0484
29.7165
25.5767
23.8285
21.1651
23.9379
26.6011
326.1368
126.0302
103.8868
229.5946
116.1858
227.8467
150.1630
99.2080
76.6190
18.7717
47.8018
47.3575
26.7121
143.6718
86.6439
40.6836
27.7463
27.8916
27.8922
26.8398
29.7170
29.1499
25.6812
22.1900
25.2358
25.8983
24.2265
30.0664
327.1199
265.8234
221.2441
253.1260
125.9833
96.7002
232.3483
113.8196
232.6726
145.0769
103.2985
74.3885
41.5592
-2.0861
68.6202
30.2508
43.7332
99.0836
31.1567
154.5749
72.4166
27.1952
27.3893
27.7463
27.3244
26.7914
29.1970
29.1045
25.4068
23.9856
16.5970
22.6533
25.4822
332.1096
254.2730
213.4810
257.6939
123.5716
105.1874
244.7059
108.4266
234.4708
143.4819
98.4296
92.9069
24.0806
22.1712
48.4449
23.1977
137.8789
83.4126
39.0293
27.5719
27.8940
27.4068
26.8078
29.3357
29.3694
25.5728
23.0989
25.8992
27.0820
24.1662
326.9440
251.0350
213.3837
231.0763
119.8033
100.7298
258.2386
115.1299
220.7962
150.2830
107.4264
78.9144
51.8180
-13.1336
62.9176
21.9973
28.7980
94.8155
31.6268
169.9333
73.3345
30.1782
27.5395
27.7322
27.5611
26.8260
29.5287
28.8159
25.8555
24.0984
17.9373
27.3986
25.1181
318.3312
256.3231
196.0087
238.0996
121.1264
92.1930
232.2572
94.9791
230.1293
142.8266
105.3595
62.6813
38.7232
-9.5231
64.6564
38.3984
152.6573
42.1381
32.9224
28.5074
27.1310
27.3076
27.7097
26.6517
26.1983
28.6296
28.5460
25.4348
23.0475
23.5332
26.7941
24.3297
338.0836
257.6635
221.2057
245.6165
115.9022
100.5122
233.3615
102.2143
215.1368
138.8195
96.3419
64.5942
39.1872
-0.4247
72.1252
38.5091
137.7681
38.6145
31.9874
33.2379
35.4252
27.4516
27.7143
27.0821
26.3973
28.9325
28.4064
24.9341
23.8307
22.6752
22.8009
23.8583
322.6501
256.4705
209.6516
255.1696
128.4328
110.6201
253.7269
113.8976
211.3639
151.3615
96.8602
85.8172
32.9435
44.9206
64.0645
9.9783
-39.1666
62.4198
172.6581
39.9137
27.4142
27.7421
27.7889
26.7697
29.5974
28.8480
25.4267
16.6021
30.1273
30.2076
30.2224
24.3278
318.3095
260.7105
205.4840
245.5312
122.9930
106.1491
264.1721
112.9428
217.1886
149.5795
99.4370
77.5544
26.6593
22.3093
68.9902
24.9906
-0.1256
78.0628
170.3459
39.2707
27.5912
27.9187
27.5664
26.8519
29.4586
28.6182
25.0546
16.5306
30.2252
30.3803
30.2045
23.4658
316.8890
200.3402
217.9761
228.0698
120.6662
104.5249
231.2022
115.9651
211.6567
144.7164
99.8593
99.2028
22.3098
118.6113
88.7322
37.0990
73.9064
90.0052
28.2621
173.3568
56.3724
35.1808
76.8242
27.0330
26.9147
27.2468
26.5744
27.9460
29.1706
26.4927
22.4383
19.5877
24.4300
26.7125
322.5900
257.3868
227.1652
240.2382
114.7440
98.5173
231.4131
109.3902
233.1481
143.1752
91.9589
62.3241
50.0107
9.0284
67.7357
26.0534
33.9905
90.6146
33.0384
164.7050
78.1779
27.9040
27.6498
27.6512
26.9027
27.1440
29.0952
29.1283
24.8809
24.1942
17.6042
23.6976
24.1673
321.3550
255.2592
210.5410
219.9536
119.3691
105.7299
236.8076
108.3702
235.2227
146.0375
86.4860
88.0135
29.6179
56.7315
47.1736
24.4823
139.5739
93.9730
44.9425
27.5738
28.2080
27.2609
26.5351
29.5039
29.2182
25.1486
20.8450
27.2342
26.6202
24.3448
324.1413
265.8635
227.6407
254.4258
118.1775
99.1675
223.0130
114.0763
292.3884
147.6365
111.2632
86.9265
45.7498
3.9572
66.1308
30.3522
54.0375
105.0673
37.6198
152.8544
75.7223
22.0600
27.5121
27.8292
27.2004
27.0390
30.1481
29.0549
29.8035
26.1150
24.5746
18.3096
24.4600
25.6449
25.8828
26.3778
26.1664
25.7599
26.0191
26.2816
26.1547
26.0504
26.2081
25.8076
25.9011
26.3589
26.1713
26.0828
25.9426
25.8413
25.6080
25.8480
26.3040
26.2258
25.9405
25.9478
312.4603
28.6271
308.2311
29.0848
314.5425
29.6257
297.1035
27.8570
297.4532
29.3010
297.5268
29.4814
309.7887
28.4814
304.7658
28.9102
315.6230
29.2710
306.0422
29.7537
274.1161
29.2233
296.1251
27.7307
318.1053
28.9250
286.2138
28.9919
304.4260
30.0338
274.9422
29.8944
27.7978
27.3446
27.8419
28.2456
29.4414
26.6295
29.0896
29.5859
28.3303
28.5463
29.5279
29.4292
28.4671
27.4901
27.0856
27.7062
