324.6668
121.3722
97.4867
244.1066
107.6681
224.9322
148.2161
96.9497
66.5497
47.1487
-9.6439
68.0770
23.6163
59.1084
95.9967
34.4012
163.5844
82.7490
28.6929
28.1587
28.0621
27.4986
27.0741
29.4665
28.8130
25.1652
24.0264
16.5937
24.6213
22.6787
30.0512
320.6903
258.9082
214.4572
239.4400
122.0631
102.5733
239.7376
110.2935
218.9569
148.0522
99.4398
88.4352
29.2019
38.5208
72.3507
18.8006
-7.8503
68.0533
172.2382
40.9825
27.4316
27.6581
27.4755
26.6894
29.6020
29.2505
25.4363
18.4346
30.1426
30.6488
30.2248
23.8414
321.0785
256.6810
212.4531
244.1683
123.0572
102.2701
238.6726
111.4051
221.7145
144.2837
100.1573
73.1101
47.5948
-7.8833
67.4192
24.6778
37.2833
94.0602
34.3230
169.2752
84.0257
29.5073
27.4697
27.6736
27.5668
26.6938
29.6369
29.1665
25.7720
24.3912
17.6719
25.4027
23.5023
321.4826
256.3494
212.8989
247.2581
122.2449
102.3063
246.9631
109.9187
224.0001
148.5221
99.1983
90.9875
26.1848
54.7250
51.0985
27.7171
150.8229
88.0235
36.7673
27.5307
27.7380
27.4586
26.7363
29.6466
28.9012
25.4244
26.8331
22.5684
26.2299
23.9877
321.4481
97.8154
37.3087
168.5681
89.4431
32.4138
68.7168
27.0925
31.6512
-4.9191
44.4161
72.3823
100.1654
135.5281
251.0431
111.5457
214.0504
102.4200
224.1757
114.7388
223.2305
203.7153
20.4416
25.4727
29.4281
29.0127
26.2282
23.6871
26.6110
26.5093
26.2514
320.6151
259.5397
214.5077
252.3300
120.8251
100.4047
251.7265
104.5356
221.2068
146.4846
95.6900
86.3582
29.9338
42.6629
76.2173
20.1823
-4.8015
69.1573
171.7097
40.0825
27.5805
27.8287
27.4124
26.7257
29.6292
29.0443
25.2064
19.7325
30.1503
30.4503
30.0694
23.5262
323.3817
261.2270
218.8556
238.8310
122.0706
101.7026
245.7127
109.1891
219.7368
142.7381
98.5827
70.6419
46.3597
-6.7453
68.5446
24.9246
43.4021
92.9288
35.0031
168.1506
78.4820
29.2999
27.5097
27.9505
27.3409
26.6457
29.5832
28.9402
24.2963
24.2630
17.4977
27.2025
23.0923
321.8599
262.1568
214.2758
241.6813
122.6354
102.3117
240.7056
109.9565
220.7032
144.8819
98.2761
86.6867
30.5855
36.4125
70.7835
18.9077
3.9210
69.3719
172.7413
40.3969
26.6081
28.1260
27.3399
26.6447
29.6950
28.9401
25.3948
17.4057
30.4003
31.2543
30.4528
23.9606
320.9640
259.9618
210.2977
241.0285
122.9020
103.4889
242.1636
110.7737
220.0402
144.5028
98.9614
85.2755
30.4551
40.1660
71.4035
18.3067
7.5206
68.1853
171.5629
39.2231
27.3488
27.7888
27.4440
26.6533
29.5997
28.8594
25.4566
17.0407
30.0925
29.9937
30.1958
23.8321
320.7248
261.3500
209.5996
243.8749
122.9474
103.0694
243.8221
111.0848
219.5973
143.4327
98.9816
84.9935
29.6980
41.4572
69.8002
18.3939
7.7794
67.9976
171.5764
40.2301
27.3582
27.8793
27.4099
26.6479
29.6268
28.8838
25.4514
17.8966
30.1088
30.1037
30.0335
23.7897
321.4895
262.4335
208.7090
242.4873
121.1207
101.0563
242.5248
108.7374
222.1857
141.8206
98.2841
72.1942
45.0411
-8.9181
67.4584
24.9900
43.2117
95.4744
35.0717
161.3190
78.1566
26.9582
27.4475
28.0668
27.1917
26.6425
29.3802
28.8512
25.2922
24.0871
17.8905
25.4818
23.2562
323.8064
261.8047
209.7254
238.5990
121.0757
99.5020
248.0663
112.9896
286.2565
144.6917
97.7912
88.4241
30.2967
43.4676
70.2335
19.1186
1.0082
68.7578
172.7874
41.6287
27.4751
28.1903
27.5265
27.1401
30.1826
29.8154
29.6200
25.3067
16.1337
30.4083
30.3890
30.7175
23.9715
320.6399
119.9288
99.5532
242.8571
110.0197
222.9990
145.2689
98.9687
67.7663
44.1161
1.3456
66.9463
33.1710
150.9447
30.2066
30.2333
27.3906
33.8790
28.0088
28.0713
27.4911
27.2841
29.3760
29.1263
25.0897
23.5978
22.4248
22.8605
23.4894
30.0488
322.4887
262.9720
210.7196
240.3892
122.2081
101.9312
244.7871
109.5108
219.6545
145.9526
98.2396
90.2737
27.5385
60.5047
49.8042
28.6118
135.2694
87.0412
37.6803
27.4202
27.9888
27.4704
26.7342
29.8062
29.1783
25.5531
26.6583
21.8671
26.5100
24.2471
322.6957
263.1221
208.8697
243.9211
122.7818
102.1020
239.1480
110.0647
228.3462
144.0313
99.7397
68.3409
42.6495
3.8059
67.9469
32.8777
146.9219
27.2345
30.9385
29.7604
35.1459
27.4705
27.9635
27.3954
26.5328
29.4103
28.9351
25.1007
23.8604
22.2711
22.2009
24.7564
320.4872
260.6830
209.7394
238.0130
123.2325
102.6416
239.2399
110.1447
221.6385
143.2900
99.7241
66.6145
42.5415
-0.5687
69.1269
33.1067
146.4659
27.9074
30.1121
27.1000
34.8481
27.3736
27.7094
27.4815
26.6368
29.4323
28.9491
25.5394
24.1152
25.4305
22.3726
24.2014
320.6601
256.0324
211.9742
240.5615
121.0202
100.0729
241.2758
107.8046
223.3616
144.7756
98.3232
63.5201
41.2884
4.1113
69.3218
32.9855
151.3900
27.0163
27.3785
24.9709
33.7855
27.4503
27.7255
27.2445
26.6233
29.2599
28.8454
25.0551
23.6779
23.6728
22.7657
22.9621
321.4684
254.6398
207.7068
240.0282
121.6394
101.8237
243.1453
110.2380
221.2364
144.7302
98.1687
90.0296
27.7601
59.1560
54.2132
28.7081
135.8945
88.2366
38.7620
27.2676
27.6793
27.4389
26.7449
29.9021
29.1228
25.6875
24.0000
22.5146
26.5506
24.2932
321.1282
256.5689
210.6062
244.2092
121.3514
101.3965
236.9233
110.6018
225.3669
144.4283
99.8837
68.4339
43.0258
2.4651
67.0543
31.6253
148.4224
27.5451
29.2907
24.4693
33.3020
27.4670
27.6858
27.3582
26.5909
29.5110
28.8878
25.3580
23.9449
21.8000
22.0986
24.0815
320.8700
255.3265
211.6333
248.0672
126.3610
105.8476
244.8093
114.1411
228.0493
143.9852
99.7332
85.0136
30.1015
50.5356
78.6587
21.0571
-23.9766
68.1198
171.6924
42.4465
27.3618
27.6419
27.8263
26.8923
29.4107
29.4208
26.0383
22.4016
30.0685
29.9621
30.0836
24.1742
319.9094
256.7824
211.7682
239.3363
119.4153
99.2306
241.0812
105.4603
222.1359
145.9893
97.9960
66.4351
43.7954
-3.8074
68.7800
25.1030
47.8346
94.0482
35.4268
168.2298
79.9306
28.3117
27.6057
27.8239
27.2123
26.5890
29.1561
28.8409
25.2911
23.7367
16.6296
27.6374
22.7287
322.3605
260.8300
215.1528
238.4952
122.2237
102.3945
242.0736
110.6941
221.1457
144.9203
98.3630
91.1182
27.0644
60.3238
50.8947
28.5470
132.9377
88.1622
38.9735
27.4907
27.9417
27.4340
26.6796
29.8477
29.0914
25.7655
23.4530
21.9067
26.8134
24.3677
322.9781
262.7928
213.0293
242.6415
123.1260
102.3728
238.2753
110.2808
223.0204
142.5434
99.4038
66.7231
42.4854
0.1138
66.8497
32.3549
138.0225
29.0920
30.1788
25.8335
32.6100
27.4890
28.0392
27.3287
26.5334
29.3607
28.7667
25.3770
23.7550
25.2616
22.1002
24.0817
323.8259
261.4955
212.1001
243.9989
126.5834
103.3981
245.4058
117.5231
305.9429
147.4945
98.8988
81.9423
27.5033
60.1658
54.4994
28.4870
139.5670
89.6794
37.6713
27.4988
28.0188
27.9645
27.0120
30.2058
29.6704
29.4071
25.3885
22.9587
22.7557
26.7809
24.2638
25.8255
25.8548
25.9930
25.9275
25.9931
25.5780
25.5306
25.6329
25.6464
25.6417
25.5336
25.6212
25.7187
26.0716
25.9160
25.8961
25.9847
25.9132
25.8593
25.5347
25.5552
25.5702
323.5785
29.5808
27.5377
301.1652
26.9846
318.2740
28.0492
313.6210
29.4459
296.1988
29.7239
303.3921
28.8638
316.6701
28.7190
310.2518
28.4746
317.9438
27.0863
313.8769
27.3740
28.6675
30.0780
28.9303
28.8820
29.3297
30.0580
28.3251
29.5530
28.7462
304.0806
29.2825
303.6985
29.9456
335.2515
28.8741
283.8851
27.0990
304.9225
30.2983
28.2242
30.0366
29.8101
28.0753
27.2716
