329.3709
120.3147
100.9643
251.8731
107.7103
211.5440
144.2539
95.5487
84.3130
29.6544
42.5715
79.8427
18.3216
-6.6709
68.1696
171.6757
41.2854
27.7661
27.8055
27.5054
26.5630
29.5581
29.1255
25.4697
19.9682
29.8144
29.5901
29.8098
23.6036
30.3581
316.5252
258.4625
205.5371
250.3938
119.6836
102.1638
236.7658
116.7765
217.3162
147.5644
102.7432
71.0264
40.6252
0.9817
66.2942
30.9828
157.3302
21.5602
29.8161
24.6641
33.0490
27.4484
27.7489
27.3185
26.8712
29.0383
29.4744
25.7958
23.8452
23.3847
26.3283
24.2658
316.5125
254.5478
196.2137
251.7086
122.8043
102.7173
238.2349
114.6785
225.1235
148.3358
101.5127
88.1001
28.8304
39.6903
74.6989
19.7953
-5.3481
68.4472
171.4658
40.8336
27.2682
27.5517
27.7499
26.6343
29.5296
29.0607
25.6150
21.3838
29.8574
30.1383
29.9786
23.8434
319.6510
260.4044
216.9478
241.4870
122.7279
102.0442
238.7426
110.2489
221.8735
141.8096
100.1766
70.7723
46.0193
-8.4261
66.3322
25.0013
35.3183
101.8719
33.0244
172.9902
77.1788
28.7209
27.6356
27.7564
27.3194
26.5711
29.4671
29.0044
25.6392
24.1639
20.5990
27.3232
24.7160
319.3201
262.2178
212.1039
236.1790
120.6537
100.0103
245.6450
106.9961
219.6591
147.8764
97.2721
83.8708
30.2338
47.1971
77.8239
17.8566
-9.4417
67.0194
171.3470
41.0768
27.5313
28.1285
27.2796
26.5807
29.5650
28.9232
25.2416
19.3619
30.7234
30.1631
30.1870
23.7281
322.4547
259.5478
216.2488
242.4563
123.6236
102.5397
238.4683
112.6262
218.8943
144.4786
98.7911
90.8771
27.2366
56.9383
47.8667
25.0152
149.2748
87.3023
36.9647
27.5248
27.8773
27.4748
26.6899
29.8234
29.2965
25.5582
23.0306
26.9035
26.1012
24.1436
319.4760
260.7834
217.3628
247.5008
125.6536
104.0243
246.0119
114.2541
222.1281
147.4187
100.9664
86.8191
30.2469
48.0939
76.8818
19.3454
-13.6301
66.6144
170.8519
39.3414
27.6180
27.8964
27.6197
26.6658
29.5106
29.3626
25.3820
19.7551
29.8902
30.0498
29.9774
23.8170
321.1211
263.8037
220.2802
242.4129
122.6376
101.4151
234.8639
111.8361
225.0148
141.8756
101.6071
60.7387
43.5571
-2.4257
65.6174
29.2474
139.8865
9.6896
30.6815
16.4192
34.9148
27.3009
27.9548
27.6808
26.5896
29.8103
29.7165
26.0365
24.2602
25.2544
24.2195
320.1407
258.4431
214.3006
236.5743
118.9356
96.4302
233.8711
105.1376
218.2307
143.8319
98.8417
57.7742
41.4644
0.6640
69.4928
34.3122
165.8052
15.9645
28.6264
23.2880
32.9517
27.5915
27.9205
27.1220
26.4210
29.2510
28.7357
25.2718
23.6586
26.5481
26.8855
24.0772
314.9692
253.9807
209.0023
231.4485
121.8591
99.7879
241.4731
106.7694
224.6535
146.0633
98.1312
70.3490
46.0350
-7.3605
67.5020
26.6427
43.0438
102.2403
32.4779
172.6387
79.5448
29.8024
27.5026
27.7631
27.2601
26.6964
29.1824
28.7767
25.4581
24.1290
20.3998
26.9216
23.9053
319.0348
254.1317
201.3551
236.7058
117.9540
100.2967
251.5710
106.9341
223.5168
149.7884
96.5850
84.4661
28.9653
37.0053
74.7500
18.0398
-10.4259
68.5180
170.8523
38.7589
27.4819
27.8503
27.2991
26.6671
29.5411
29.1141
25.1379
20.1638
30.1353
30.2156
30.8380
23.7482
318.9941
254.1475
209.6368
241.7191
122.7008
101.5730
243.3146
110.1008
221.0214
146.3742
102.7194
89.7667
29.2114
40.7601
73.8408
15.6208
-11.0975
68.4541
171.5405
39.7387
27.3334
27.5821
27.4674
26.6961
29.5724
29.3768
25.6114
19.4807
29.9511
29.7872
29.8570
23.8154
318.4166
253.8638
204.3507
240.6132
121.5485
101.3025
250.3084
106.8678
221.8624
142.2107
98.4593
90.2511
25.4483
57.9029
43.1106
25.8745
152.1781
90.2267
39.6922
27.4805
27.7850
27.3239
26.7025
29.7132
28.9523
25.4452
23.3980
26.7602
26.2034
23.9767
319.1304
252.5092
201.8381
236.5657
117.7880
98.9644
236.0117
103.9269
224.0665
145.9461
98.6742
60.4949
41.0515
-1.1333
65.8658
30.3784
158.6493
24.7148
30.3007
22.7327
32.0269
27.4816
27.7750
27.2015
26.4300
28.9965
28.6430
24.9742
23.1830
23.2956
26.2507
23.8522
321.6687
260.1086
219.0242
240.2207
123.6678
102.5747
238.1095
111.3969
224.3672
146.6802
99.6671
85.2007
29.6442
45.1939
78.6497
18.7894
-4.0562
68.0870
172.2109
41.2060
27.4816
27.7368
27.4900
26.5586
29.6343
29.1529
25.4669
20.0219
30.4903
30.2177
30.2240
23.9593
320.0485
260.4656
216.3212
239.4008
120.8981
99.8397
244.6656
107.4002
223.8404
147.4233
97.9026
93.7121
25.2041
49.4747
44.4981
26.2339
151.4282
88.4360
37.0044
27.6777
27.9938
27.3642
26.7397
29.6146
29.3873
25.4679
23.2977
26.8844
26.2813
24.0258
321.5608
261.8715
215.7089
241.6986
121.6251
103.3184
247.6282
113.5091
215.9817
146.9733
97.6413
91.5107
29.4012
39.7495
76.0668
17.3407
-7.7381
67.4813
171.5671
37.2298
27.7123
28.0814
27.2951
26.8637
29.2856
29.2596
26.4661
19.6712
29.8860
29.7477
29.7497
23.7919
319.1884
262.3926
209.9833
250.2882
118.1613
98.0199
239.5590
112.6106
275.3534
144.3991
99.3122
65.5987
39.9835
-3.0586
67.3564
32.0095
162.5599
25.1751
29.5153
21.0305
32.0659
27.8688
27.6657
27.4155
27.1363
29.7378
28.9948
29.5446
25.0464
23.2773
23.0410
26.3923
23.4673
327.5473
120.4652
99.5956
249.0418
106.1609
225.6033
145.3077
96.9720
86.1692
28.9620
40.4567
80.1047
19.2885
-2.1220
69.9610
172.1909
41.7830
27.7101
27.7854
27.4563
26.4645
29.7965
29.3384
25.6510
20.3034
29.7420
29.8587
29.9213
23.7032
30.4024
315.2492
260.8883
206.8374
239.4847
120.5896
99.9771
242.5684
107.8610
223.3686
145.5340
100.9109
66.4810
41.8406
-0.9005
66.2123
32.3654
163.9754
26.3084
29.3844
18.4875
29.9405
27.6462
27.7930
27.2298
26.5721
28.8934
28.7543
25.4758
23.4347
23.8485
26.3781
24.8133
318.4898
256.1256
209.1095
229.5186
118.0652
99.4855
238.6081
107.5220
219.8443
148.9781
98.3404
67.8307
46.6044
-9.9880
66.5329
27.2707
44.2632
102.5501
34.8493
175.0878
78.6010
29.8516
27.6274
27.7410
27.4282
26.7502
29.0339
28.7161
25.3375
23.9065
20.6884
26.9161
24.6941
318.2781
204.4821
261.9656
244.9452
117.6725
101.1257
243.4413
112.8936
217.1566
145.6741
102.3474
71.2174
41.4445
0.0276
67.2803
32.2383
159.9163
26.3039
30.6564
24.3596
33.8872
27.5220
27.4914
26.9433
26.9205
29.1040
29.6169
25.9226
24.0059
23.2596
26.2512
23.5527
315.5324
204.5885
259.7754
248.2769
119.9099
103.6890
237.1519
113.9465
230.2149
148.8945
99.9959
87.4045
29.6842
43.8001
77.5206
19.1993
-9.6742
67.8234
171.5020
39.4798
26.9847
27.3529
27.6109
27.0816
29.7124
29.1089
25.6433
20.9619
30.4505
30.0928
29.9908
23.9422
318.8974
198.8753
262.7652
241.2609
121.1573
102.8391
242.3862
111.6235
224.3484
145.4316
101.0281
75.9147
47.9689
-4.8822
67.4619
25.0370
37.2224
102.4228
34.1398
169.8560
77.7726
29.4991
27.5580
27.6715
27.2935
26.7412
29.4164
29.2464
25.6029
24.2998
21.0028
27.5762
25.1260
321.1683
210.5138
256.7911
233.5692
119.0140
99.2514
247.3312
107.0581
215.6270
143.2132
99.9042
68.2024
44.3893
2.1473
65.9990
29.5938
162.5495
22.9961
29.8039
20.5273
34.5315
27.3744
27.6711
27.1848
26.6805
29.3965
28.7906
25.4583
23.8496
23.3438
26.3414
24.2675
319.1332
265.6258
210.8505
234.6487
116.7306
98.7348
222.4033
103.3992
224.1720
149.6183
98.8521
60.3337
39.2903
-1.2888
66.5675
31.8540
160.0747
24.6075
30.1676
24.1770
32.5875
27.6130
28.1275
27.2076
26.5646
28.5517
28.6824
25.1665
23.2242
23.9691
27.2019
23.5055
320.2875
258.4504
209.3924
237.0018
121.1156
102.9427
241.3484
110.9934
217.3219
144.3953
98.9795
95.3956
27.0560
58.1738
48.3162
26.7704
153.8449
87.6708
38.4030
27.5326
27.8092
27.3771
26.5664
29.6141
29.5150
25.5625
23.6409
27.1182
26.6303
24.0783
319.4231
264.7998
215.1821
241.7138
121.7519
101.4671
240.2943
105.3295
141.0924
114.9655
206.9967
27.4850
28.0656
27.6028
26.3915
29.8125
29.4983
27.1154
316.2866
262.2768
201.1735
251.6051
122.6276
101.6670
254.0359
109.5542
224.1328
145.0519
99.6247
91.0258
31.0957
35.0623
77.8195
19.9706
-26.7688
69.3785
170.3663
41.5320
27.8262
27.8620
27.5309
26.9643
30.5937
30.6933
25.7151
24.3969
30.2002
30.2157
30.7208
24.0766
320.3128
261.4083
208.3157
238.8831
119.1005
103.6285
234.0269
100.4487
212.9055
148.7589
97.3074
65.3234
43.1497
1.8864
66.2594
30.6345
165.0429
21.7853
29.2855
22.3552
32.7882
27.8296
28.2274
26.6883
26.4832
28.5595
28.9525
25.2105
23.6449
23.8951
26.2666
24.1647
319.3074
200.4675
253.6229
240.3936
117.6550
96.5215
240.6631
108.1941
227.8470
150.5437
99.7180
65.5811
48.0029
-6.1576
68.7181
27.3193
34.7505
103.2838
33.1865
173.1793
79.5440
29.5269
27.8034
27.6164
27.2076
27.0896
29.2873
28.7305
25.1775
24.4251
20.1007
26.9497
24.2486
316.9806
202.7207
258.7027
237.0691
121.6320
101.3339
237.9886
113.9100
223.9723
141.3595
102.0393
69.8287
42.9380
-1.3139
66.5472
31.0373
158.5606
22.9260
28.7467
22.3611
34.8902
27.3088
27.5065
27.3478
26.5890
29.5042
28.9603
25.4313
24.2072
23.3222
26.3700
23.4758
319.8436
255.9771
212.5440
241.4143
119.8995
102.0024
249.0097
110.4111
224.9574
144.2495
98.5704
94.7995
28.4157
60.2008
45.6828
25.2200
153.6067
89.5491
38.0983
27.5663
27.8357
27.3932
27.0213
29.6264
29.3106
25.6619
23.4915
26.9182
26.5719
24.1080
317.5413
198.6315
262.0224
238.9857
115.3481
97.1554
234.6608
108.0257
231.4973
147.1426
99.4224
64.7626
41.2470
-0.8522
66.4699
31.3643
157.4132
23.8223
31.1544
19.6539
32.8790
27.4299
27.5389
27.1123
26.9355
28.9883
28.9278
24.9806
23.4396
24.0038
26.3220
24.2940
321.1282
202.1099
264.5080
233.1004
117.7359
100.5687
249.3819
110.2597
221.0347
149.5317
98.7224
89.6318
30.5237
43.5424
78.8138
18.8666
-3.7429
69.1085
171.8825
42.3273
27.3741
27.6493
27.3781
27.0234
29.6888
29.4217
25.5482
20.4515
30.0637
30.2881
30.2140
24.0414
321.6693
215.6278
262.8419
239.7778
117.7995
103.3651
243.8245
114.9887
290.2196
144.6835
101.7225
71.5843
41.3110
-0.9701
66.9539
31.4912
159.3153
23.7572
29.6557
23.8971
31.4887
27.7257
27.6354
27.4496
27.0941
30.4756
29.1996
29.9473
25.6514
23.9285
23.1923
26.1956
23.9608
26.0429
25.8388
25.9850
25.6152
25.6466
25.8867
25.3810
25.6501
25.5267
26.3111
25.9949
25.7730
25.9323
25.9198
25.8482
25.6410
25.8822
26.0705
26.6552
26.0494
25.5693
25.6182
25.6547
25.6043
25.7346
25.7650
25.9526
25.8537
25.9453
25.9838
25.8145
25.7254
25.6451
26.1022
