330.6966
123.3722
99.2274
246.0871
110.8652
228.0543
142.6929
96.0659
68.5121
47.7668
-7.2169
66.5981
24.8422
54.2273
94.8233
34.1329
171.9501
76.7583
30.0071
27.4800
27.9029
27.7877
26.5647
29.7850
28.8053
25.2545
24.1465
16.8215
22.5410
26.9075
30.1137
322.3431
263.2657
215.8815
250.4522
124.4112
104.6840
234.9471
113.9171
226.6441
144.5030
100.4080
88.0217
29.9937
47.0553
70.0604
18.1582
-0.7802
67.3402
172.8928
41.7981
26.4160
27.9416
27.5634
26.5864
29.4686
29.1617
25.3587
16.5023
28.8630
30.4291
30.7842
23.9089
321.1015
256.5823
214.2559
243.6958
121.1581
100.3831
243.0184
107.2526
218.5812
142.1132
96.9795
83.3985
25.3242
54.2056
50.1960
27.5204
134.7736
87.8217
36.0122
27.4456
27.6618
27.3088
26.6379
29.4208
29.1384
25.3379
22.2533
24.2940
26.0078
23.8116
321.0424
253.5652
207.5073
238.9059
119.9839
99.7991
247.4905
105.8304
222.3817
146.6800
97.3017
88.1833
25.5335
54.3882
48.1587
27.2758
149.8065
85.7723
36.2361
27.5536
27.7918
27.3680
26.6409
29.4995
29.1305
25.0188
21.1518
26.8653
25.9864
23.4417
41.6034
57.0235
32.9644
66.8280
-3.1760
17.0814
30.0832
23.2333
33.2286
160.5027
322.6918
255.9764
214.9959
251.1873
120.4396
97.5742
224.4439
106.5820
217.3199
142.0576
97.1317
23.3529
23.6338
27.2040
23.9253
27.5236
27.6247
26.7839
26.5445
29.0148
29.1630
25.3852
321.5436
252.8812
208.4080
244.5603
119.1445
101.2870
245.0086
105.9916
227.6669
145.3023
100.0109
70.1102
50.0596
-7.5432
66.4148
23.7744
52.2279
94.5532
33.9694
159.3751
83.4437
29.5253
27.2144
27.8556
27.2585
26.7208
29.4471
29.0374
25.5150
24.6332
17.3852
22.6690
22.5538
324.3288
256.8562
210.2116
248.9290
121.0335
103.6543
236.5157
110.6174
229.2692
147.6414
102.5473
74.0828
46.7227
-3.4273
67.7537
24.7850
41.0348
96.7983
35.1784
158.2474
80.1069
29.8517
27.5556
27.7719
27.5037
26.7076
29.2450
28.7927
26.0525
24.1762
17.9150
23.7981
27.2200
323.2069
254.8403
208.3738
248.5396
118.1261
98.3141
239.3126
107.8995
227.0563
143.8288
97.0621
58.7770
41.2970
-3.9633
67.2339
32.9175
144.4829
30.8804
27.8862
27.6132
34.0314
27.5630
27.6709
27.1862
26.5056
29.1559
28.4940
24.9240
23.4230
22.0321
25.6766
23.6686
323.7448
259.5680
220.5888
245.1257
123.2730
104.5769
241.6980
111.8542
226.4743
146.9035
101.1224
93.7193
27.9766
58.0286
50.1433
27.2866
153.9335
88.6372
36.9877
27.2248
27.6335
27.6985
26.9203
30.0024
29.4099
25.6989
23.5568
26.8987
26.2474
23.9294
325.1254
205.5044
262.6919
244.2423
120.3383
101.6058
228.7163
115.3028
282.5739
140.0166
98.3378
69.4908
47.9590
-6.4306
68.3087
24.4350
42.5406
93.0526
34.6791
165.3754
82.9122
28.1490
27.5940
27.5823
27.4711
26.8119
30.2406
29.1550
29.5407
25.3592
24.3865
18.2666
25.2910
23.8789
339.3064
122.2556
99.2421
248.5299
110.2580
224.6445
145.3951
96.8329
87.9623
26.2009
53.7181
50.8828
26.5417
143.7872
87.4667
37.9213
27.5976
27.8021
27.4357
26.7111
29.6869
29.1508
25.3630
22.7194
23.6611
25.7354
23.9786
30.2229
321.7476
212.5730
263.4441
244.9037
117.3641
100.8534
243.0867
107.1426
223.2261
145.7119
97.9635
66.7184
45.0272
-10.1617
69.2915
24.2559
47.1344
97.3275
34.9972
164.8874
84.1250
29.4874
27.5775
27.7402
27.2157
26.6663
29.0672
29.0355
25.2555
23.9203
17.3740
22.4175
26.9828
318.9088
205.9914
259.8954
243.8334
119.7755
101.7292
243.2905
110.3785
222.8314
141.8090
98.4738
83.8294
28.9317
43.2313
70.3594
17.8078
4.2685
66.2215
172.1440
40.6414
27.3263
27.5688
27.3567
26.6436
29.5404
29.0122
25.3698
16.8195
30.2858
30.8151
30.3744
24.0156
319.6749
254.2675
209.6741
245.7182
121.6901
100.2598
241.3720
110.5959
227.5393
144.0387
98.1107
86.7670
27.5538
46.4791
48.0035
27.4706
133.3660
85.8940
36.2930
27.4123
27.7264
27.3252
26.9741
29.6980
28.7126
25.4690
21.9653
24.1882
26.0214
23.9879
323.9110
202.6452
266.2935
247.4178
120.5124
103.4513
230.8001
113.2844
230.6474
141.4156
98.6122
87.1848
25.3227
49.4276
54.3404
26.6760
136.1062
85.9205
37.3325
27.2806
27.5473
27.4154
26.6539
29.6258
28.8913
25.3855
21.5933
24.9303
26.1295
24.1786
320.8087
255.0686
210.9421
242.4246
121.8154
105.8148
236.3867
108.1941
211.0119
141.2828
99.6420
93.8113
28.4457
51.0984
70.2396
18.3981
-18.7467
67.4085
171.5672
41.7495
27.1005
27.6396
27.4904
26.9195
29.6847
29.6350
25.7814
18.3637
30.0321
30.0943
30.1622
23.5919
319.0344
213.1278
257.8360
231.9772
115.9385
98.3473
239.9687
109.2723
223.7927
143.8185
98.4884
71.4033
47.3024
-4.3209
65.8196
25.6649
52.5920
95.0821
34.8201
162.4668
81.9259
30.0213
27.4592
27.5323
27.2273
26.8647
29.3308
28.9146
25.3424
24.1730
17.7799
23.5533
26.4552
321.7823
212.1596
264.4717
243.2236
120.8491
101.9579
226.8871
112.6420
218.9314
142.2843
102.2170
77.1664
47.0866
-6.7030
64.8008
24.3607
45.8450
93.3375
34.4735
154.2073
82.4920
30.0262
27.4504
27.5593
27.5414
26.8059
29.5143
29.3106
26.3590
24.5669
17.9161
23.6077
23.2432
319.0230
204.1374
261.8729
244.7198
117.3084
99.2971
246.3575
108.4030
226.6036
140.9439
97.2766
60.2709
42.1104
1.5294
68.2708
33.3130
143.3046
27.9709
29.2324
27.3165
34.2436
27.4407
27.6516
27.1053
26.6452
29.4057
28.5350
24.8217
23.5370
21.5512
24.9019
23.4236
322.2337
204.2167
260.1025
248.7531
120.4991
100.8938
238.8056
115.5059
276.5168
131.6016
98.3208
91.7978
26.7829
60.3202
51.4949
28.2867
136.8719
86.1848
35.8613
27.4234
27.6578
27.6354
27.2682
30.5965
29.6610
29.8467
25.5922
22.8392
23.3105
26.4617
24.4290
26.1853
26.1383
25.9697
25.9650
25.9507
25.9731
25.9928
25.8779
25.9907
25.8107
26.1207
26.1622
26.0267
26.0296
25.9997
25.9717
26.2746
26.1991
310.8933
27.1530
28.5562
315.3082
29.9592
27.0256
307.9919
29.1086
29.2034
302.7211
27.1887
30.0761
318.3257
29.4713
29.1786
313.9321
26.3497
28.2530
296.5351
29.0997
28.5160
313.6403
28.3082
28.8258
297.2280
29.6941
28.9362
301.5327
28.6162
27.1918
317.2086
29.4387
28.2423
310.9983
28.7830
29.6824
286.9290
30.0869
28.0007
