327.9412
119.4454
99.2193
244.3094
105.4543
225.1582
141.4184
97.2089
62.0153
41.4839
-3.5891
68.7066
33.7499
158.3038
31.9070
31.2855
24.1220
33.8009
27.5848
27.6718
27.1984
26.4997
29.1600
28.5546
24.7381
23.2196
26.3022
23.0121
23.5214
30.2487
323.5269
262.4779
216.8265
237.6364
119.4067
100.8903
247.7201
106.7886
221.1142
147.6658
98.7333
89.3448
29.3227
46.2415
71.2328
18.4756
-3.3913
69.6384
172.1148
40.7536
27.2969
27.9641
27.1957
26.6038
29.3859
29.2129
25.2582
17.9474
30.2919
31.3567
30.1745
23.5049
324.5099
263.5503
218.6682
240.2209
119.6036
100.8111
242.0126
108.5507
224.9833
147.2797
100.2889
71.7565
47.4120
-5.4120
67.9048
24.9872
46.8193
93.1405
34.9509
159.1471
82.0525
28.0216
27.4680
28.0610
27.3598
26.6170
29.2445
29.0194
25.6420
24.2880
17.8650
22.0747
24.6333
324.5937
260.1042
220.1166
245.1064
121.7070
104.0559
251.1342
113.2243
218.2058
145.8777
101.7008
77.0992
45.7201
-4.2925
66.3774
25.7149
27.8968
94.9070
34.6598
162.2134
80.6776
31.6839
27.6705
27.9144
27.3751
26.8384
29.0614
29.0208
26.3081
24.1427
16.9529
22.4478
24.8982
323.0276
264.1849
200.5093
250.8350
116.7165
100.3750
218.7376
107.6707
229.0238
147.1235
98.2811
62.1130
41.2681
-3.5543
66.5003
32.7117
148.9905
25.0615
27.6706
25.2632
32.8792
27.5969
27.6214
27.1003
26.5027
29.0417
28.6588
25.0978
23.5358
27.1138
21.6970
23.3901
322.7617
255.5296
215.6827
251.2729
121.8436
102.1387
242.3028
111.2589
228.3293
147.7371
101.2018
75.1996
46.6776
-7.5815
67.0327
24.2901
30.8690
94.2075
34.2065
168.0172
81.2920
30.2584
27.5063
27.6849
27.3883
26.8507
29.4848
29.2685
25.1849
24.3865
16.3233
22.2043
26.8499
322.8549
253.3831
208.5030
251.4551
123.8459
101.6117
245.1307
112.5359
224.6747
145.1932
96.0312
77.2192
26.0256
52.8945
51.2934
28.0018
138.5672
86.9472
36.8189
27.4043
27.7859
27.5196
26.7062
29.3609
29.0166
25.3534
22.8761
27.0012
26.3548
23.7705
321.4090
259.2996
212.7879
255.2167
120.6516
101.1682
257.4891
106.7987
225.5227
148.4901
97.9807
86.3086
28.0036
46.3455
70.1533
18.1706
-6.6861
69.4211
167.2336
40.1975
27.5503
27.8792
27.5778
27.4172
29.6751
29.3826
25.3988
16.5635
29.9057
30.2336
29.7099
23.8143
325.3210
205.7255
268.2230
249.1442
117.4680
101.7523
241.8229
116.4363
287.8766
144.5076
97.3815
92.6926
23.3842
52.2588
46.8037
25.8201
145.3713
87.7575
36.2302
27.7023
27.7003
27.5389
27.1742
30.6332
29.5241
30.0285
26.0996
21.1180
25.4986
24.8004
23.9444
320.6526
120.3026
97.8096
238.2203
103.6017
222.7757
145.7723
96.9262
64.0269
46.1683
-6.2901
66.7116
24.5440
46.1004
97.1762
33.6063
166.3331
83.6390
28.9549
28.1825
27.8764
27.6110
26.7198
28.9126
28.6100
25.7011
23.6864
17.6847
23.4651
23.6181
30.5331
322.1165
253.6201
209.6977
242.2111
118.6461
98.2356
237.6495
107.2951
224.6657
147.8800
99.6327
65.0721
41.4920
3.3464
66.5838
32.9129
145.7022
28.7932
28.5192
29.0087
34.5914
27.6177
27.7539
27.1540
26.5462
28.8435
28.8172
25.0857
23.4155
22.5452
22.5356
23.7747
322.8197
261.2524
216.5410
246.0705
122.7982
101.3854
240.2990
108.9920
223.8102
144.5806
101.0805
73.2551
46.1101
-9.8309
67.2135
25.4366
30.6658
95.1347
34.3934
167.5404
81.0841
30.0149
27.3860
27.6866
27.3097
26.6340
29.3605
29.1188
25.7264
24.2236
17.4462
23.0465
24.9455
323.8508
259.3468
201.7856
242.3081
122.8899
103.8504
245.5469
115.3748
229.3808
145.3518
97.9640
78.2805
26.8671
52.2064
51.2708
27.4949
140.7619
88.7424
37.6532
27.3004
28.1201
27.3981
26.7290
29.4307
29.1568
25.5268
23.0404
22.8779
26.2886
23.9280
321.9863
264.5430
213.0775
249.1185
118.9091
99.5497
240.4981
103.8515
223.5639
147.3401
94.7318
80.1874
27.4905
35.7942
71.0187
19.0476
0.6879
68.0379
172.1774
39.1564
27.5425
28.2381
27.3104
26.6644
29.4959
29.0762
25.2869
18.0589
29.8752
29.9486
30.0808
23.5180
321.4025
258.6912
203.3389
241.4389
122.0468
102.1976
245.2991
107.7185
225.0609
143.9633
97.3916
85.9274
25.7105
56.7329
52.1307
26.9470
131.5133
85.9430
37.1493
27.3933
27.7996
27.4446
26.6987
29.7483
29.3185
25.3542
21.6657
25.7138
25.8887
23.9403
322.9191
262.2170
209.7490
244.0376
119.5948
100.7265
248.3701
107.3561
229.4900
151.8183
96.8752
89.7100
25.6973
57.6893
51.0115
27.4529
137.5594
86.4849
37.3642
27.7314
28.0129
27.3927
26.7571
29.5768
29.1853
25.2464
22.5173
22.8910
25.9602
24.1257
323.2431
260.0859
213.5682
233.6631
122.2102
99.3512
240.4173
112.8368
226.0802
149.8592
103.3263
69.9998
42.3938
7.5325
67.0953
33.4645
147.9497
26.6608
29.8768
18.8651
32.3329
27.3794
27.5906
27.1677
26.5365
29.2526
28.7179
25.1712
23.9697
23.3584
23.1049
24.0475
324.3331
255.9354
204.7330
245.7191
119.8270
104.5994
256.3865
111.2168
285.8200
144.1450
98.5163
89.3408
28.7445
33.5894
70.7334
20.1898
-3.9628
71.0823
172.4747
40.5567
27.2778
27.8704
27.4378
27.2026
29.9158
29.6229
29.9285
25.3025
16.2068
30.3398
30.3969
30.4679
23.8195
25.8089
26.1843
26.0415
26.0481
26.1641
25.8629
25.4687
25.5307
26.0217
25.9677
26.2844
25.7930
25.8348
25.8538
25.6991
26.0324
319.6993
29.9140
29.6077
313.3270
27.0712
29.1439
286.3509
29.4805
26.9375
313.7415
30.4935
25.4224
285.5328
27.6863
28.7468
298.6685
29.2220
27.1918
324.2072
30.1072
27.0791
279.7097
26.4225
28.4688
281.4173
29.5466
28.9494
315.0156
26.7667
28.9365
285.9563
28.1991
29.7701
308.1049
29.4150
29.5121
299.8796
30.0160
28.2373
312.4413
29.7255
29.5029
