333.0697
127.5378
103.3848
249.6834
115.7237
233.0322
144.4169
98.8869
79.0369
28.0139
62.8697
50.1961
24.3548
145.3488
84.6078
38.2538
27.9291
27.9916
28.0019
27.1080
29.7552
29.2585
25.3865
21.2598
24.5539
25.0844
24.0707
30.1811
331.7058
205.2885
264.3359
244.7128
121.3139
99.2865
241.5883
105.6818
225.8824
144.6453
96.1893
69.9089
44.7850
-9.8512
69.4423
25.0826
47.1979
92.8645
31.9748
153.5555
77.9311
28.3653
27.6338
27.8901
27.2598
26.8391
29.0414
28.8540
25.1234
23.9331
15.4675
22.5082
22.1556
324.6188
207.7688
253.3215
233.5618
118.8834
100.6623
255.5227
108.9417
224.3957
148.1760
98.8843
87.1648
30.2215
47.0022
67.0595
18.9412
11.6345
68.8765
172.2697
39.4657
27.5486
27.7476
27.3445
26.7921
29.3707
29.1580
25.0214
15.8779
30.1526
30.1817
30.6728
23.8342
323.3249
206.6228
253.8430
229.4751
118.7538
99.3989
238.9610
107.6516
227.2146
146.1832
97.9033
58.3033
40.9759
10.4903
65.7703
31.4084
153.9199
25.1449
30.4306
17.2722
31.9450
27.4262
27.5809
27.2528
26.6918
29.1421
28.7256
24.6041
22.9153
22.2237
24.5000
24.3067
325.0726
123.4257
239.8950
110.1108
265.3638
111.1176
243.1022
56.8848
95.6317
98.5943
29.0523
59.3965
51.4260
28.1174
134.1778
91.8868
41.0732
204.5702
255.9929
284.0902
281.2871
27.4932
27.2250
27.7505
27.0313
25.7026
23.2207
21.7163
26.8619
24.8124
329.1529
209.0460
262.4615
243.9767
124.0962
98.7039
235.9150
118.6574
303.5329
143.8273
100.9484
59.7457
45.3881
-5.8942
70.1819
25.2082
44.5103
93.9511
32.2086
162.3294
83.1556
30.7723
27.5861
27.7079
27.7757
26.7795
29.8961
29.7060
29.2661
25.4154
24.1709
15.6346
21.9287
24.2042
321.7413
125.5189
101.8382
251.7598
118.9829
244.4548
145.2182
97.3019
79.0393
27.7076
56.3596
48.3641
23.9435
144.0665
87.6949
37.7390
27.6948
27.6933
28.0595
27.0715
29.3993
29.3692
25.7312
21.3388
26.4764
25.8214
23.7828
29.8216
328.1856
206.5168
259.9170
242.1955
119.7703
99.7131
242.6710
107.1348
226.3197
143.7403
96.5379
67.3218
45.6885
-5.5777
67.4807
24.7361
40.9732
90.6545
31.4320
165.8114
81.5340
27.5713
27.6504
27.8635
27.2941
26.8284
29.0239
28.8613
25.2520
23.7433
16.1813
22.5284
24.1060
324.4130
208.0441
254.9530
233.8818
119.5760
101.5422
247.7026
108.9572
226.6742
146.9021
98.3017
88.4475
30.2218
49.2410
66.4095
18.0643
9.6476
70.4902
172.6610
41.0395
27.5448
27.7202
27.3438
26.7715
29.2483
29.1029
25.2004
16.2547
30.1794
29.7610
30.6931
23.4903
324.2833
203.5506
254.2884
231.5833
119.4873
99.5363
244.2175
107.5040
230.2928
145.4452
97.1787
58.6631
41.1750
5.9164
66.9806
32.3339
147.6377
28.9895
30.1681
19.2975
33.2303
27.5919
27.6785
27.2469
26.7673
29.3535
28.7894
24.6383
23.0159
21.5841
25.7481
24.4154
325.4807
122.3289
239.3299
107.7905
260.0412
108.9431
241.8393
57.3340
93.5910
97.8488
28.3911
51.4864
55.1294
29.5518
134.5358
92.6378
40.6216
204.0614
254.5651
287.7654
282.2696
27.3952
27.0652
27.5133
26.7775
25.9027
24.6725
21.2562
26.7381
24.8047
326.7250
202.4376
259.4394
235.8320
119.5102
96.4915
245.4419
110.2451
273.7852
143.1773
98.1929
66.0498
44.3320
-6.2953
68.9900
24.8091
51.4434
92.0560
31.5194
172.5106
81.0163
29.7991
27.7611
27.8003
27.5204
27.1735
29.7999
29.0310
29.3500
25.1371
23.7177
15.4245
22.0645
26.9002
24.0093
23.9329
23.8135
23.8435
24.0864
24.0741
23.8454
23.8497
23.8294
23.9539
329.2933
29.3714
300.2891
28.2424
28.9678
27.8291
318.7444
28.7343
28.7595
294.4961
30.1062
28.5719
300.4978
28.4488
29.6918
295.6498
30.2911
27.9784
307.8179
29.1678
28.4780
319.1782
28.6323
307.0396
30.1684
30.1280
26.5307
