           1           2   1.01926955425890     
           2           3  0.998357724609896     
           3           4  0.953764530810743     
           3           5  0.967131118983426     
           5           6  0.949738270549115     
           5           7  0.965139530470433     
           7           8   1.01066288936254     
           4           9  0.999465817946405     
           7           9  0.942479006579477     
           9          10  0.958794843981077     
          10          11   1.25073565493214     
          11          12   1.50731599434210     
          12          13   1.28304082634583     
          13          14   1.10422057997418     
          14          15   1.63507559982396     
          14          16   1.11899062250523     
          15          16  0.136024286759008     
          16          17   1.19860683469565     
          17          18   1.36292339951539     
          17          19   1.30835766378324     
          10          20   1.16077988441629     
          13          20   1.24174572554223     
          19          20   1.30909678166857     
           2          21  0.931119280098240     
           2          22  0.920961709209878     
           3          23  0.932336563217896     
           5          24  0.955979324162286     
           7          25  0.942022442916727     
           8          26  0.818924236058866     
           9          27  0.928493895084679     
          11          28  0.942202377819808     
          16          29  0.854813241420840     
          18          30  0.844814370724404     
          18          31  0.897134108314563     
           1          32  0.839391873269970     
           6          33   1.11302753181947     
          33          34   1.64446835164884     
          33          35   1.66224180447141     
          33          36   1.11596904518569     
          36          37  0.933705560465568     
          37          38  0.993893635115673     
          38          39  0.950996261171392     
          38          40  0.973716111682671     
          40          41  0.942463314266845     
          40          42  0.951826003655323     
          42          43   1.02350280933473     
          39          44  0.999781323260143     
          42          44  0.943281828193070     
          44          45  0.947031634898045     
          45          46   1.23913973964463     
          46          47   1.44645340391298     
          47          48   1.27033486814068     
          48          49   1.10997259539004     
          49          50   1.61486270214633     
          49          51   1.11876853489959     
          50          51  0.134310392436632     
          51          52   1.17606734939166     
          52          53   1.37840538364240     
          52          54   1.31947557518818     
          45          55   1.15129418812283     
          48          55   1.24941792276482     
          54          55   1.31528946363018     
          37          56  0.951046321121906     
          37          57  0.962289959365295     
          38          58  0.945649700985648     
          40          59  0.948762472364725     
          42          60  0.945752665944555     
          43          61  0.847464372313613     
          44          62  0.923534377260954     
          46          63  0.909189659155593     
          51          64  0.875547155228563     
          53          65  0.895496065491468     
          53          66  0.889683660067047     
          41          67   1.11459985586696     
          67          68   1.67112077955122     
          67          69   1.67042874843940     
          67          70   1.12210434714269     
          70          71  0.933998560414860     
          71          72  0.997523177858784     
          72          73  0.949881826802033     
          72          74  0.972657918294574     
          74          75  0.943214783727923     
          74          76  0.969123911079431     
          76          77   1.01326104290084     
          73          78  0.996465627289363     
          76          78  0.953141401471613     
          78          79  0.944229709729070     
          79          80   1.22269899964300     
          80          81   1.57744731100213     
          81          82   1.20839070230532     
          82          83   1.18558091795743     
          83          84   1.36696715341363     
          83          85   1.28200692023381     
          85          86   1.40921751394288     
          86          87   1.43313537926858     
          79          88   1.15643243913100     
          82          88   1.28588234641013     
          87          88   1.27474329963566     
          71          89  0.956037217797498     
          71          90  0.965775767966980     
          72          91  0.945708064109506     
          74          92  0.955077147265262     
          76          93  0.943908236254356     
          77          94  0.837430738064690     
          78          95  0.929336541675865     
          80          96  0.948984017732597     
          84          97  0.884792256500940     
          84          98  0.909161465536510     
          86          99  0.949301498910094     
          75         100   1.11792637342316     
         100         101   1.68538832575475     
         100         102   1.67748915503498     
         100         103   1.12415986135928     
         103         104  0.933931497416273     
         104         105  0.996907958805016     
         105         106  0.947448338706133     
         105         107  0.973347854258386     
         107         108  0.945642578549347     
         107         109  0.960775998601654     
         109         110   1.01804134756315     
         106         111  0.989408775101991     
         109         111  0.954756862944563     
         111         112  0.948096719767234     
         112         113   1.21837088390937     
         113         114   1.55775860018597     
         114         115   1.23732332717001     
         115         116   1.12434393177371     
         116         117   1.60758722383502     
         116         118   1.11290822047921     
         117         118  0.137127204695799     
         118         119   1.17380764188800     
         119         120   1.33216193256150     
         119         121   1.34469888259314     
         112         122   1.16555572670625     
         115         122   1.26933125506418     
         121         122   1.28428689114401     
         104         123  0.946923000508987     
         104         124  0.964034584988129     
         105         125  0.944104191295505     
         107         126  0.956319546337220     
         109         127  0.945718966590073     
         110         128  0.847822992621562     
         111         129  0.929972058928491     
         113         130  0.950867218586172     
         118         131  0.872018379469831     
         120         132  0.897508000625340     
         120         133  0.896238513680312     
         108         134   1.11283532338161     
         134         135   1.68953132715851     
         134         136   1.68867459593269     
         134         137   1.11581310107013     
         137         138  0.935841286247193     
         138         139  0.997629587436547     
         139         140  0.946518376283921     
         139         141  0.973087436801106     
         141         142  0.948021580714378     
         141         143  0.960063561697681     
         143         144   1.01672051938035     
         140         145  0.996140870999050     
         143         145  0.952264966253503     
         145         146  0.943485259077293     
         146         147   1.10133280736837     
         146         148  0.125268962778482     
         147         148   1.62582191055900     
         147         149   1.15313410137607     
         148         149  0.141009049913550     
         149         150   1.12576403110683     
         149         151  0.134427311737179     
         150         151   1.60658905919721     
         150         152   1.12238529027331     
         146         153   1.18128660944508     
         152         153   1.66917232779957     
         138         154  0.953539820718456     
         138         155  0.965201431031822     
         139         156  0.945215276254189     
         141         157  0.955593401477299     
         143         158  0.951100020470947     
         144         159  0.846626764110656     
         145         160  0.922334264614951     
         149         161  0.855292541617465     
         152         162  0.957543558339592     
         153         163  0.937545851064868     
         142         164   1.10714489023676     
         164         165   1.70897279791096     
         164         166   1.69171163752414     
         164         167   1.12097158969534     
         167         168  0.932911867649817     
         168         169  0.996974133063726     
         169         170  0.946106990576243     
         169         171  0.974375673427876     
         171         172  0.952650189264364     
         171         173  0.961025819081765     
         173         174   1.01647798144104     
         170         175  0.990469503888889     
         173         175  0.953246006940948     
         175         176  0.951710673190366     
         176         177   1.22963396792197     
         176         178  0.103144793220024     
         177         178   1.56586138728165     
         178         179   1.20988462260773     
         179         180   1.19733226947649     
         180         181   1.35334881415638     
         180         182   1.27910290832157     
         182         183   1.40529499634165     
         183         184   1.44548598035778     
         176         185   1.15853680792303     
         179         185   1.27434555208962     
         184         185   1.29176310261920     
         168         186  0.952582784932591     
         168         187  0.965379456947074     
         169         188  0.950615321724260     
         171         189  0.956639296394952     
         173         190  0.952157471209667     
         174         191  0.856902023954268     
         175         192  0.938007195880085     
         177         193  0.956673638510035     
         181         194  0.880016900547548     
         181         195  0.897237206180645     
         183         196  0.948792299984402     
         172         197   1.09867500544336     
         197         198   1.70013398993285     
         197         199   1.69366129570558     
         197         200   1.12361020298190     
         200         201  0.929421441296805     
         201         202  0.997312408354736     
         202         203  0.951515467655156     
         202         204  0.973728741567463     
         204         205  0.952775083380900     
         204         206  0.970394364131146     
         206         207   1.00960338915536     
         203         208  0.994939460341622     
         206         208  0.954820530047066     
         208         209  0.942675465259969     
         209         210   1.10105378642394     
         209         211  0.128550455533983     
         210         211   1.63418941857520     
         210         212   1.14695048871769     
         211         212  0.140320007629238     
         212         213   1.13288295072352     
         212         214  0.137433677013916     
         213         214   1.60510754257396     
         213         215   1.12791147939321     
         209         216   1.19848782992937     
         215         216   1.65843699405875     
         201         217  0.953122841943144     
         201         218  0.965844405720574     
         202         219  0.949727909067185     
         204         220  0.955801940959246     
         206         221  0.951329557482148     
         207         222  0.841128590721690     
         208         223  0.937308462604043     
         212         224  0.864506305347080     
         215         225  0.962038483523388     
         216         226  0.941283148343413     
         205         227   1.09800982229807     
         227         228   1.70553689047987     
         227         229   1.68224221215792     
         227         230   1.13461324729854     
         230         231  0.923254374355483     
         231         232  0.997523275265766     
         232         233  0.946475074772128     
         232         234  0.974729475320837     
         234         235  0.957588477074685     
         234         236  0.970236013915087     
         236         237   1.01364338707282     
         233         238  0.988901523838317     
         236         238  0.949238215715473     
         238         239  0.946987214320702     
         239         240   1.23492667760456     
         240         241   1.55644552693729     
         241         242   1.23258665170802     
         242         243   1.12276954369923     
         243         244   1.60808951504240     
         243         245   1.12930267910056     
         244         245  0.139974240112204     
         245         246   1.15761313532609     
         246         247   1.38794900211186     
         246         248   1.32560704305988     
         239         249   1.14833459020188     
         242         249   1.27109826376316     
         248         249   1.29217901802531     
         231         250  0.948157314641935     
         231         251  0.964082031196971     
         232         252  0.950266235222131     
         234         253  0.957699297087399     
         236         254  0.944466847849303     
         237         255  0.829177763935109     
         238         256  0.932262939550689     
         240         257  0.955597312942511     
         245         258  0.837157728911936     
         247         259  0.846767622663279     
         247         260  0.882152415927619     
         235         261   1.08560507283375     
         261         262   1.68711434704385     
         261         263   1.66936454341435     
         261         264   1.13576734945949     
         264         265  0.912810740487849     
         265         266  0.996428010029969     
         266         267  0.947565485449944     
         266         268  0.968819450231004     
         268         269  0.960215608015906     
         268         270  0.950103027368257     
         270         271   1.03073322945720     
         267         272  0.991028240793682     
         270         272  0.946916274713780     
         272         273  0.931703168539716     
         273         274   1.11975226769524     
         273         275  0.124340139339320     
         274         275   1.58799408317752     
         274         276   1.15722564048544     
         275         276  0.139784876614310     
         276         277   1.12173054448924     
         276         278  0.139752244729818     
         277         278   1.64611134235959     
         277         279   1.11357548385981     
         273         280   1.19118656248557     
         279         280   1.67434519777942     
         265         281  0.933437094431886     
         265         282  0.950894470153363     
         266         283  0.945786728526019     
         268         284  0.952662849801236     
         270         285  0.945189306069257     
         271         286  0.855888911467565     
         272         287  0.921367097020509     
         276         288  0.872808918418214     
         279         289  0.966547805225288     
         280         290  0.933347267311096     
         269         291   1.08263124259815     
         291         292   1.65141601207296     
         291         293   1.64646151696940     
         291         294   1.15446079512391     
         294         295  0.932475806504309     
         295         296  0.988501669246926     
         296         297  0.970957663828005     
         296         298  0.956755897944128     
         298         299  0.966718103840016     
         298         300  0.948181246342451     
         300         301   1.04883606230264     
         297         302  0.980746817835875     
         300         302  0.906561938151751     
         302         303  0.969705587796105     
         303         304   1.24110170542333     
         304         305   1.58217672890509     
         305         306   1.19900249602526     
         306         307   1.19381234360234     
         307         308   1.27751475280403     
         307         309   1.32413474697348     
         309         310   1.38751375520243     
         310         311   1.43277648181037     
         303         312   1.14021479327692     
         306         312   1.26245779713703     
         311         312   1.29730666048536     
         295         313  0.945983289327340     
         295         314  0.922077123428677     
         296         315  0.902399205402769     
         298         316  0.946724717044863     
         300         317  0.940199349242758     
         301         318  0.805896423332643     
         302         319  0.892801475044007     
         304         320  0.952763187888433     
         308         321  0.914180148013940     
         308         322  0.928067328931714     
         310         323  0.906068032077194     
         299         324   1.10962641730763     
         324         325   1.64469083429732     
         324         326   1.58684313613314     
         324         327   1.09966980210608     
         327         328  0.926274848824383     
         328         329  0.973133624686722     
         329         330  0.972389094800280     
         329         331  0.963277583659562     
         331         332  0.959816755367030     
         331         333  0.916676425019332     
         333         334   1.05284272498009     
         330         335  0.985606845951221     
         333         335  0.906491840743162     
         335         336  0.968652983914073     
         336         337   1.08059334034139     
         336         338  0.106061236441192     
         337         338   1.64170840954821     
         337         339   1.14051716224494     
         338         339  0.146283952614041     
         339         340   1.12198055138838     
         339         341  0.133935557567754     
         340         341   1.65394809537433     
         340         342   1.09676649112247     
         336         343   1.20523168843653     
         342         343   1.64093404531570     
         328         344  0.913543639296049     
         328         345  0.929784919595810     
         329         346  0.892539796435561     
         331         347  0.920408852207192     
         333         348  0.921253204018240     
         334         349  0.746446701856313     
         335         350  0.859274217830373     
         339         351  0.862697953889294     
         342         352  0.952178858713773     
         343         353  0.934154195892492     
         332         354   1.10174665147629     
         354         355   1.57245664993962     
         354         356   1.58018241071616     
         354         357   1.05250512501646     
         357         358  0.999397303170088     
         358         359  0.982948422908780     
         359         360  0.964735483438959     
         359         361  0.950005643042071     
         361         362  0.955929648136604     
         361         363  0.932418335683551     
         363         364   1.06908792775152     
         360         365  0.981037968027052     
         363         365  0.877430489730577     
         365         366  0.996982908226903     
         366         367   1.06253650592231     
         367         368   1.66198030511139     
         367         369   1.16590018640756     
         368         369  0.136030764113039     
         369         370   1.14065285447516     
         369         371  0.127326446960517     
         370         371   1.67468493487915     
         370         372   1.04964294433685     
         366         373   1.20457591671134     
         372         373   1.58182060337716     
         358         374  0.720831024116141     
         358         375  0.748891150826526     
         359         376  0.890758316823926     
         361         377  0.908054633134613     
         363         378  0.884537974331320     
         364         379  0.786367650497657     
         365         380  0.853033073238861     
         369         381  0.858340745962665     
         372         382  0.890051462294205     
         373         383  0.884725126584855     
         362         384   1.11568228784868     
         384         385   1.58554721242741     
         384         386   1.56289455766478     
         384         387   1.10593727309508     
         387         388  0.937187626607847     
         388         389  0.979258325299122     
         389         390  0.963711153665190     
         389         391  0.962516150388208     
         391         392  0.951414936318480     
         391         393  0.927611803530337     
         393         394   1.02740737687138     
         390         395  0.992425477966185     
         393         395  0.928271222374382     
         395         396  0.967260255993243     
         396         397   1.24150830760381     
         397         398   1.47938423537740     
         398         399   1.32121324562975     
         399         400   1.08576372488300     
         400         401   1.68909184271670     
         400         402   1.09711303797303     
         401         402  0.123150917099824     
         402         403   1.20803628502599     
         403         404   1.40426315072300     
         403         405   1.27469284600317     
         396         406   1.14756349581859     
         399         406   1.19589184107947     
         405         406   1.36809468222990     
         388         407  0.927219880735334     
         388         408  0.945366514287781     
         389         409  0.929634036718244     
         391         410  0.919601746965087     
         393         411  0.937160572724085     
         394         412  0.855218007267830     
         395         413  0.922688892075977     
         397         414  0.922470751639909     
         402         415  0.853928806122566     
         404         416  0.868431602127065     
         404         417  0.893854363121158     
         392         418   1.08176520854058     
         418         419   1.59574129701121     
         418         420   1.59392264851095     
         418         421   1.09306136064918     
         421         422  0.955334136713795     
         422         423  0.990734878622420     
         423         424  0.959429505461343     
         423         425  0.967003402861205     
         425         426  0.938832203701058     
         425         427  0.969706231569174     
         427         428   1.00399826039245     
         424         429  0.988105393858742     
         427         429  0.939433233667678     
         429         430  0.966753403958343     
         430         431   1.22442339257139     
         431         432   1.52724271656523     
         432         433   1.26404942017792     
         433         434   1.10752797879728     
         434         435   1.65592789080772     
         434         436   1.10769972755618     
         435         436  0.136752943381345     
         436         437   1.19454553792149     
         437         438   1.38181619156940     
         437         439   1.30506652109693     
         430         440   1.15705050584791     
         433         440   1.23019158167174     
         439         440   1.33025821222367     
         422         441  0.956272111502247     
         422         442  0.967715009853289     
         423         443  0.937416136240156     
         425         444  0.932145584967944     
         427         445  0.939269537555906     
         428         446  0.843737555165479     
         429         447  0.931267870390008     
         431         448  0.934518001454489     
         436         449  0.864525372905753     
         438         450  0.896200051140751     
         438         451  0.902344922069833     
         426         452   1.09695067923690     
         452         453   1.61095175439969     
         452         454   1.66812438501647     
         452         455   1.11143747067559     
         455         456  0.955247956883295     
         456         457  0.995465507831748     
         457         458  0.957482727326475     
         457         459  0.971155646234650     
         459         460  0.936009954947510     
         459         461  0.939870353759235     
         461         462   1.01468038584177     
         458         463  0.981717874655762     
         461         463  0.929161938823406     
         463         464  0.976882935187291     
         464         465   1.03288326069014     
         465         466   1.56542001270481     
         465         467   1.24429344639979     
         466         467  0.135628815768100     
         467         468   1.31412966154273     
         467         469  0.109094569549798     
         468         469   1.41725057254214     
         468         470   1.14416223428986     
         464         471   1.22795808988304     
         470         471   1.56834318709918     
         456         472  0.958905910461175     
         456         473  0.967773530106499     
         457         474  0.948562603933952     
         459         475  0.942995141627399     
         461         476  0.940576766841434     
         462         477  0.854955110184980     
         463         478  0.920781235507112     
         469         479  0.872812545626660     
         469         480  0.847289698222066     
         470         481  0.910338264592395     
         471         482  0.939295289236203     
         460         483   1.09465550918144     
         483         484   1.62414101631496     
         483         485   1.69110856629405     
         483         486   1.11771227752338     
         486         487  0.949268671094362     
         487         488  0.994862383482998     
         488         489  0.964430635908791     
         488         490  0.969021756066402     
         490         491  0.922086576066469     
         490         492  0.953727502350313     
         492         493   1.00494754664366     
         489         494  0.978528065009287     
         492         494  0.957561790499781     
         494         495  0.972838271390497     
         495         496   1.21466210235233     
         496         497   1.56979654951082     
         497         498   1.21314991983368     
         498         499   1.17316621770845     
         499         500   1.42545456662946     
         499         501   1.24780399583132     
         501         502   1.43567252129986     
         502         503   1.40470405892582     
         495         504   1.15240997005415     
         498         504   1.25047570598276     
         503         504   1.29068523328903     
         487         505  0.954071420628227     
         487         506  0.969247348633901     
         488         507  0.952599956690911     
         490         508  0.950148743273471     
         492         509  0.938012523716341     
         493         510  0.869560720926993     
         494         511  0.931011628822674     
         496         512  0.952325521016083     
         500         513  0.836246531975596     
         500         514  0.868682579807482     
         502         515  0.946267526385905     
         491         516   1.11234184414510     
         516         517   1.63635888592163     
         516         518   1.70323811603871     
         516         519   1.08548115811264     
         519         520  0.951360207346925     
         520         521  0.994873835100477     
         521         522  0.961308507092473     
         521         523  0.973648820821186     
         523         524  0.927420403703595     
         523         525  0.954735049708766     
         525         526   1.00817480998172     
         522         527  0.974451557380062     
         525         527  0.942780216459604     
         527         528  0.972021916665836     
         528         529   1.02794920288408     
         529         530   1.57217254894860     
         529         531   1.24084776658969     
         530         531  0.129880967147517     
         531         532   1.32230839611362     
         531         533  0.106115798877048     
         532         533   1.40541131532050     
         532         534   1.15247276400602     
         528         535   1.23054035198850     
         534         535   1.57602956192229     
         520         536  0.957571665515679     
         520         537  0.968981046112590     
         521         538  0.949044739776670     
         523         539  0.951093473761790     
         525         540  0.948428825365063     
         526         541  0.854119434083596     
         527         542  0.927063872921433     
         533         543  0.845052260675503     
         533         544  0.863173328794444     
         534         545  0.938996418551859     
         535         546  0.940940695176829     
         524         547   1.10746691523028     
         547         548   1.66008465482697     
         547         549   1.70006517498122     
         547         550   1.12178570844549     
         550         551  0.934826721259319     
         551         552  0.994802389860663     
         552         553  0.961260647988923     
         552         554  0.974610195527204     
         554         555  0.924645163278243     
         554         556  0.965648651936917     
         556         557   1.00483242066914     
         553         558  0.981900818187209     
         556         558  0.949297982690296     
         558         559  0.961866408582375     
         559         560   1.08162208573604     
         559         561  0.121551675336324     
         560         561   1.64223884749173     
         560         562   1.14917044392511     
         561         562  0.144404235990728     
         562         563   1.11515937968333     
         562         564  0.133506942058908     
         563         564   1.61819004741514     
         563         565   1.11719611283772     
         559         566   1.18407504627496     
         565         566   1.63804462356019     
         551         567  0.946921865589665     
         551         568  0.968402242897184     
         552         569  0.954427352772262     
         554         570  0.952199651601443     
         556         571  0.944567799724114     
         557         572  0.833388967640449     
         558         573  0.929990361455244     
         562         574  0.869000135706477     
         565         575  0.946642104527707     
         566         576  0.950680220765681     
         555         577   1.12509821816071     
         577         578   1.66916362651779     
         577         579   1.68756284238367     
         577         580   1.13392679992138     
         580         581  0.923249362185025     
         581         582  0.995007191798205     
         582         583  0.960782473350420     
         582         584  0.973925560082900     
         584         585  0.930771417256693     
         584         586  0.964200290693939     
         586         587   1.01811453779371     
         583         588  0.972655223602640     
         586         588  0.947357590962478     
         588         589  0.963907103161962     
         589         590   1.23265579830088     
         590         591   1.56185424455033     
         591         592   1.21423273721984     
         592         593   1.11317122894928     
         593         594   1.63973571556119     
         593         595   1.11190063162385     
         594         595  0.142662745045685     
         595         596   1.16512462512615     
         596         597   1.37972637730219     
         596         598   1.32780585408190     
         589         599   1.12664898119290     
         592         599   1.27609045831492     
         598         599   1.29034289693698     
         581         600  0.949583913124023     
         581         601  0.969473555748090     
         582         602  0.951387186679429     
         584         603  0.956071619916184     
         586         604  0.946440646454327     
         587         605  0.821012762599963     
         588         606  0.923724585617232     
         590         607  0.957641381241574     
         595         608  0.841635697364840     
         597         609  0.859045034025951     
         597         610  0.886096119319566     
         585         611   1.12473110640575     
         611         612   1.66397963002528     
         611         613   1.65687893598272     
         611         614   1.12837506022711     
         614         615  0.939757651251475     
         615         616  0.982377884192895     
         616         617  0.965781812647571     
         616         618  0.970913286897722     
         618         619  0.942308468012451     
         618         620  0.952134393462559     
         620         621   1.02661395733141     
         617         622  0.982081699283488     
         620         622  0.950249364477372     
         622         623  0.944184691321314     
         623         624   1.23237322630824     
         624         625   1.56480674243161     
         625         626   1.19323069855590     
         626         627   1.19052722294451     
         627         628   1.34383043313249     
         627         629   1.28376329214165     
         629         630   1.41813514395976     
         630         631   1.40169148317795     
         623         632   1.12499203701846     
         626         632   1.26166042196001     
         631         632   1.29943095219181     
         615         633  0.965410708475683     
         615         634  0.968892037248909     
         616         635  0.955066690999647     
         618         636  0.953902392092981     
         620         637  0.938855725340988     
         621         638  0.858562622987325     
         622         639  0.918690084971144     
         624         640  0.947995006184895     
         628         641  0.892521738316599     
         628         642  0.938893194391621     
         630         643  0.901562470083240     
         619         644   1.09869792031156     
         644         645   1.64820518311085     
         644         646   1.63914578729264     
         644         647   1.15216136417116     
         647         648  0.906107847413760     
         648         649  0.992475734500135     
         649         650  0.958946323016034     
         649         651  0.973459095288716     
         651         652  0.935564157016394     
         651         653  0.937520817194621     
         653         654   1.03682718307600     
         650         655  0.999646306153590     
         653         655  0.941211746954947     
         655         656  0.934654457400696     
         656         657   1.24203532618299     
         657         658   1.54438268358577     
         658         659   1.24244634056690     
         659         660   1.11035316749400     
         660         661   1.61452278302046     
         660         662   1.12211020129556     
         661         662  0.140767439358351     
         662         663   1.14953871594222     
         663         664   1.39662790117332     
         663         665   1.31944740392499     
         656         666   1.15323393694130     
         659         666   1.24830709965363     
         665         666   1.29923562582526     
         648         667  0.941886033038992     
         648         668  0.959698553610453     
         649         669  0.934746822633437     
         651         670  0.943205086027728     
         653         671  0.944339082278071     
         654         672  0.829792203205323     
         655         673  0.899745001290438     
         657         674  0.940765392101303     
         662         675  0.862768563619106     
         664         676  0.897210281526416     
         664         677  0.866304640931527     
         652         678   1.12772610997140     
         678         679   1.63826251481672     
         678         680   1.62656853607901     
         678         681   1.13065007775289     
         681         682  0.918922005142543     
         682         683  0.998046053863057     
         683         684  0.951944027609582     
         683         685  0.969051737378062     
         685         686  0.941716243401602     
         685         687  0.933141601548150     
         687         688   1.03415687432532     
         684         689  0.999760123821873     
         687         689  0.930377251766523     
         689         690  0.949317004806048     
         690         691   1.05641066191651     
         690         692  0.100008184246842     
         691         692   1.57811103052832     
         691         693   1.22908526891328     
         692         693  0.127983372326005     
         693         694   1.34791030179411     
         693         695  0.110705131278719     
         694         695   1.36530733082786     
         694         696   1.15088141019896     
         690         697   1.23863614550818     
         696         697   1.60407172195725     
         682         698  0.937100764977388     
         682         699  0.961268915942572     
         683         700  0.937127500965954     
         685         701  0.945886845968557     
         687         702  0.947940986325428     
         688         703  0.829005661363459     
         689         704  0.908077317108920     
         695         705  0.868946059243422     
         695         706  0.926490127444043     
         696         707  0.957743911359006     
         697         708  0.938743914626635     
         686         709   1.11877052816093     
         709         710   1.66333368257218     
         709         711   1.65108244096650     
         709         712   1.12073175673015     
         712         713  0.934152195465845     
         713         714  0.997519611728133     
         714         715  0.951961983975415     
         714         716  0.967448755512792     
         716         717  0.941646726061829     
         716         718  0.958690800604908     
         718         719   1.01302336907696     
         715         720  0.997539095341605     
         718         720  0.962037824104207     
         720         721  0.947135728231136     
         721         722   1.22630892963468     
         722         723   1.57069947201627     
         723         724   1.21469084642143     
         724         725   1.17854499195689     
         725         726   1.37915682215459     
         725         727   1.27270145147178     
         727         728   1.40344322100805     
         728         729   1.44492697424599     
         721         730   1.17071331714192     
         724         730   1.28134680375979     
         729         730   1.26942262541284     
         713         731  0.948828478837424     
         713         732  0.963708791489479     
         714         733  0.941365403165139     
         716         734  0.955241932693061     
         718         735  0.943675007339468     
         719         736  0.837713672048373     
         720         737  0.925810104187312     
         722         738  0.950570646825257     
         726         739  0.871755187103948     
         726         740  0.916797661573546     
         728         741  0.951241681749251     
         717         742   1.11201430172295     
         742         743   1.67554225020423     
         742         744   1.67613763542656     
         742         745   1.10043628962116     
         745         746  0.938094868160458     
         746         747  0.996409091346374     
         747         748  0.949635628308201     
         747         749  0.972959304150151     
         749         750  0.946575810652972     
         749         751  0.960796142525294     
         751         752   1.01073119562922     
         748         753   1.00022152123753     
         751         753  0.964577663115918     
         753         754  0.940705727801385     
         754         755   1.10985592639914     
         754         756  0.128247748646291     
         755         756   1.62111429201379     
         755         757   1.15146851025717     
         756         757  0.139926801555110     
         757         758   1.12529203177344     
         757         759  0.136540498959200     
         758         759   1.61767018068546     
         758         760   1.12249773203735     
         754         761   1.18527127374850     
         760         761   1.66485633553602     
         746         762  0.929523785113398     
         746         763  0.961938015785019     
         747         764  0.946273023801914     
         749         765  0.953100833117016     
         751         766  0.952389083528482     
         752         767  0.860559488827752     
         753         768  0.935430154749976     
         757         769  0.861452572027024     
         760         770  0.957139109228683     
         761         771  0.926007158699307     
         750         772   1.10747416764624     
         772         773   1.69133093156693     
         772         774   1.69040331397151     
         772         775   1.11377392657398     
         775         776  0.941439476220787     
         776         777  0.997361751023442     
         777         778  0.946675933136166     
         777         779  0.972774965940365     
         779         780  0.958086939230224     
         779         781  0.968956969342696     
         781         782   1.01399802501715     
         778         783  0.995409335522990     
         781         783  0.951655477587731     
         783         784  0.948704512528177     
         784         785   1.22840957861560     
         784         786  0.100191494554303     
         785         786   1.56174143611961     
         786         787   1.21947164125975     
         787         788   1.18873798730360     
         788         789   1.36261401515234     
         788         790   1.27021718181966     
         790         791   1.41181657938547     
         791         792   1.44028360753754     
         784         793   1.16440005190641     
         787         793   1.27244878452630     
         792         793   1.28912044638339     
         776         794  0.957309332148001     
         776         795  0.964695123886595     
         777         796  0.950623614140570     
         779         797  0.957314208733513     
         781         798  0.946287238911629     
         782         799  0.847772623637135     
         783         800  0.938495610539197     
         785         801  0.952671938979251     
         789         802  0.853734701667299     
         789         803  0.904230321866045     
         791         804  0.952572128658704     
         780         805   1.09603427058237     
         805         806   1.68880854805014     
         805         807   1.69488122770193     
         805         808   1.10822550717121     
         808         809  0.937870126801916     
         809         810  0.997261895330533     
         810         811  0.943414617398636     
         810         812  0.973448737442829     
         812         813  0.954001502101837     
         812         814  0.954246237542465     
         814         815   1.01622934204912     
         811         816  0.989421008679646     
         814         816  0.944302078479542     
         816         817  0.949431816112015     
         817         818   1.04974236440478     
         817         819  0.104615374896266     
         818         819   1.56645896358124     
         818         820   1.24303697395703     
         819         820  0.130389195293005     
         820         821   1.32676503564062     
         821         822   1.38007955976229     
         821         823   1.15516787057660     
         817         824   1.22901337389117     
         823         824   1.60391757761763     
         809         825  0.955710615068225     
         809         826  0.962577627346569     
         810         827  0.946526221478317     
         812         828  0.953238556490627     
         814         829  0.943982922650385     
         815         830  0.849093794500655     
         816         831  0.937120856148718     
         822         832  0.864939998424289     
         822         833  0.909168456843666     
         823         834  0.952769251487858     
         824         835  0.925580686996171     
         813         836   1.09047256633759     
         836         837   1.69505773705113     
         836         838   1.69012951762759     
         836         839   1.11807298798549     
         839         840  0.936935202303425     
         840         841  0.998002970022416     
         841         842  0.942095164932915     
         841         843  0.973822954527521     
         843         844  0.957641722628997     
         843         845  0.969850730941797     
         845         846   1.01052342336189     
         842         847  0.990670981938373     
         845         847  0.950865726560576     
         847         848  0.944637765064494     
         848         849   1.11181942435008     
         848         850  0.127436669466256     
         849         850   1.61785251854853     
         849         851   1.14837975319371     
         850         851  0.138909528315252     
         851         852   1.11811937415362     
         851         853  0.136829526864998     
         852         853   1.62863962056276     
         852         854   1.12208605157861     
         848         855   1.18433641883111     
         854         855   1.66265219042611     
         840         856  0.952691155689442     
         840         857  0.964422683952521     
         841         858  0.951324202972742     
         843         859  0.954836954078136     
         845         860  0.945238721170500     
         846         861  0.846870976987285     
         847         862  0.935214185105458     
         851         863  0.877394292250361     
         854         864  0.952982560364041     
         855         865  0.947323042182925     
         844         866   1.09184582280136     
         866         867   1.68259225776163     
         866         868   1.69856322849343     
         866         869   1.10765802173544     
         869         870  0.932649799848282     
         870         871  0.996105987410683     
         871         872  0.948235454604572     
         871         873  0.969117485870798     
         873         874  0.950499978121748     
         873         875  0.958594477273157     
         875         876   1.01400512669442     
         872         877  0.985124617844914     
         875         877  0.934560552447650     
         877         878  0.943634276793420     
         878         879   1.04622885505347     
         879         880   1.55277938143576     
         879         881   1.25382593765313     
         880         881  0.122888745183102     
         881         882   1.33793110937731     
         881         883  0.111198466681879     
         882         883   1.38023243147837     
         882         884   1.15338026502983     
         878         885   1.23670372755794     
         884         885   1.59925101428670     
         870         886  0.942164421203366     
         870         887  0.953392002719286     
         871         888  0.950222812361043     
         873         889  0.951852878225065     
         875         890  0.903143706447840     
         876         891  0.835042587463862     
         877         892  0.932496111030255     
         883         893  0.864353632070169     
         883         894  0.917198041666469     
         884         895  0.955590617066178     
         885         896  0.928807318474541     
         874         897   1.09439128811169     
         897         898   1.68370983497608     
         897         899   1.68039448447837     
         897         900   1.12972528150982     
         900         901  0.936715230331196     
         901         902  0.995441572740372     
         902         903  0.928888225081986     
         902         904  0.930970485930003     
         904         905   1.16063830746025     
         904         906  0.834403473088661     
         906         907   1.06713872759040     
         903         908  0.988735066988497     
         906         908  0.911865086352536     
         908         909  0.965433141603765     
         909         910   1.04355099195544     
         910         911   1.54524084669633     
         910         912   1.25719354933139     
         911         912  0.127682035381717     
         912         913   1.33881863692289     
         912         914  0.107697039500890     
         913         914   1.38846530953417     
         913         915   1.14491566075460     
         909         916   1.22412601029758     
         915         916   1.61468695706265     
         901         917  0.929597317907334     
         901         918  0.958308359150283     
         902         919  0.945452302306331     
         904         920  0.929510029572524     
         906         921  0.947623826024111     
         907         922  0.838659816208388     
         908         923  0.911885102484728     
         914         924  0.875989817240938     
         914         925  0.922439779037309     
         915         926  0.957463263452103     
         916         927  0.944749104219792     
         928         929   1.06600947083732     
         929         930  0.905030583243085     
         930         931  0.980692131864285     
         930         932  0.955391016078202     
         932         933  0.950674481629017     
         932         934  0.970825420068442     
         931         935   1.00946008814582     
         934         935  0.971515676686179     
         935         936  0.946695285142230     
         936         937   1.05789597896383     
         937         938   1.59595418765879     
         937         939   1.21145205877189     
         938         939  0.137224837732822     
         939         940   1.34768931717765     
         939         941  0.106424315510299     
         940         941   1.35060810016374     
         940         942   1.14110075663214     
         936         943   1.22254947112610     
         942         943   1.59498914033671     
         929         944  0.841036486529290     
         929         945  0.946210508058695     
         930         946  0.864085372197769     
         932         947  0.903782575133682     
         934         948  0.925001575810439     
         934         949  0.931084449323826     
         935         950  0.845452032968930     
         941         951  0.884819367572435     
         941         952  0.891497191518987     
         942         953  0.903821827452763     
         943         954  0.897420147981937     
         928         955  0.799180692240970     
         933         956   1.07422497613170     
         956         957   1.56703908053941     
         956         958   1.61413023942696     
         956         959   1.08306563387840     
         959         960  0.979074360748319     
         960         961  0.971040603094173     
         961         962  0.981693400772415     
         961         963  0.952572475016940     
         963         964  0.916824856159065     
         963         965  0.977392969905211     
         962         966  0.988881379963367     
         965         966  0.963196261448724     
         966         967  0.969033916409576     
         967         968   1.20214157335910     
         968         969   1.57620545486564     
         969         970   1.20806514415597     
         970         971   1.18825826104118     
         971         972   1.37108793588634     
         971         973   1.25792525961936     
         973         974   1.39914255801494     
         974         975   1.44205791711059     
         967         976   1.19087439919946     
         970         976   1.26386509046698     
         975         976   1.26529232308813     
         960         977  0.914455769902815     
         960         978  0.911072711467146     
         961         979  0.887374577327193     
         963         980  0.933571546988808     
         965         981  0.928608846478276     
         965         982  0.920351990858498     
         966         983  0.883257920946162     
         968         984  0.913480854360379     
         972         985  0.869490502769459     
         972         986  0.871672639048061     
         974         987  0.945868997980408     
         964         988   1.11851058514056     
         988         989   1.58536142207268     
         988         990   1.61041383642952     
         988         991   1.09368242696454     
         991         992  0.953989078168125     
         992         993  0.989517005311550     
         993         994  0.967294764284974     
         993         995  0.957062761142872     
         995         996  0.923144552038415     
         995         997  0.981854078424920     
         994         998  0.980880293964171     
         997         998  0.963973476300623     
         998         999  0.966185076769269     
         999        1000   1.20522424227058     
        1000        1001   1.50496354094404     
        1001        1002   1.26551792330849     
        1002        1003   1.10456330615896     
        1003        1004   1.65677906345666     
        1003        1005   1.09147996717875     
        1004        1005  0.135197363799902     
        1005        1006   1.18419584705907     
        1006        1007   1.36501159225344     
        1006        1008   1.32186711466118     
         999        1009   1.17930228094239     
        1002        1009   1.22647854576593     
        1008        1009   1.31450633332964     
         992        1010  0.931528748454013     
         992        1011  0.945244114348996     
         993        1012  0.936654057805789     
         995        1013  0.923306601063596     
         997        1014  0.942474628239122     
         997        1015  0.955861025014946     
         998        1016  0.925591489313665     
        1000        1017  0.917305196917604     
        1005        1018  0.857270091665262     
        1007        1019  0.884119729465989     
        1007        1020  0.917291207241971     
         996        1021   1.10420948569929     
        1021        1022   1.60876191619542     
        1021        1023   1.64099908366865     
        1021        1024   1.11503015352489     
        1024        1025  0.956868856030585     
        1025        1026  0.992931806457494     
        1026        1027  0.968404099048578     
        1026        1028  0.960616696669873     
        1028        1029  0.918226831012742     
        1028        1030  0.978781420801386     
        1027        1031  0.973871815263604     
        1030        1031  0.913641287384972     
        1031        1032  0.979762794985243     
        1032        1033   1.05962789525507     
        1033        1034   1.65030253856135     
        1033        1035   1.17278306425943     
        1034        1035  0.155568466466081     
        1035        1036   1.08851511262307     
        1035        1037  0.134059592700288     
        1036        1037   1.74531490506969     
        1036        1038   1.03943788496410     
        1038        1039   1.15296483597021     
        1032        1040   1.24403315163645     
        1038        1040   1.44120379688467     
        1025        1041  0.956537899333328     
        1025        1042  0.958521397942143     
        1026        1043  0.948724108240084     
        1028        1044  0.953045462121287     
        1030        1045  0.953207029423116     
        1030        1046  0.900863763065805     
        1031        1047  0.941169015541475     
        1035        1048  0.862245215051672     
        1039        1049  0.934924274522639     
        1039        1050  0.702330337180771     
        1039        1051  0.846497352931586     
        1040        1052  0.921504783897712     
        1029        1053   1.11599923247519     
        1053        1054   1.63748951629513     
        1053        1055   1.64799312055244     
        1053        1056   1.10788705373120     
        1056        1057  0.945306310627767     
        1057        1058  0.994757635075426     
        1058        1059  0.969067104345118     
        1058        1060  0.968113800617972     
        1060        1061  0.915816942198683     
        1060        1062  0.985109748650111     
        1059        1063  0.971932083676203     
        1062        1063  0.962617789725531     
        1063        1064  0.974649398333690     
        1064        1065   1.23651930380875     
        1065        1066   1.48134399442176     
        1066        1067   1.27730630101692     
        1067        1068   1.10122661987092     
        1068        1069   1.68557026605844     
        1068        1070   1.08432630838357     
        1069        1070  0.132832827441128     
        1070        1071   1.18794055714846     
        1071        1072   1.39557638952095     
        1071        1073   1.29817962242769     
        1064        1074   1.15356665368805     
        1067        1074   1.22488996744663     
        1073        1074   1.33671920310084     
        1057        1075  0.955189029043255     
        1057        1076  0.954498179790828     
        1058        1077  0.953207682085867     
        1060        1078  0.955286876962561     
        1062        1079  0.958012510902898     
        1062        1080  0.957800101363800     
        1063        1081  0.946027065451735     
        1065        1082  0.941318678248350     
        1070        1083  0.847345539651988     
        1072        1084  0.852144926484977     
        1072        1085  0.910650730724695     
        1061        1086   1.11459097907285     
        1086        1087   1.64788898975100     
        1086        1088   1.63872700299299     
        1086        1089   1.13474690189218     
        1089        1090  0.934050498663043     
        1090        1091  0.994924761607619     
        1091        1092  0.967407853283091     
        1091        1093  0.970557366549810     
        1093        1094  0.920903657424090     
        1093        1095  0.983383926589943     
        1092        1096  0.969312170549748     
        1095        1096  0.959574625599434     
        1096        1097  0.965857700076704     
        1097        1098   1.08183078393734     
        1098        1099   1.61580687122093     
        1098        1100   1.17941955894590     
        1099        1100  0.151317558544228     
        1100        1101   1.09597950588928     
        1100        1102  0.141528488648840     
        1101        1102   1.71544795263858     
        1101        1103   1.05864918783484     
        1103        1104   1.08843133989467     
        1097        1105   1.21615547214127     
        1103        1105   1.51879476970693     
        1090        1106  0.957441029910315     
        1090        1107  0.965104213971442     
        1091        1108  0.952719265350058     
        1093        1109  0.957846317548924     
        1095        1110  0.960174582005933     
        1095        1111  0.956407079215494     
        1096        1112  0.939057568886641     
        1100        1113  0.847467639767796     
        1104        1114  0.927596952627779     
        1104        1115  0.825993490983241     
        1104        1116  0.906859258682984     
        1105        1117  0.945750819088231     
        1094        1118   1.10703900179217     
        1118        1119   1.65772749345119     
        1118        1120   1.64467260541069     
        1118        1121   1.13103485767810     
        1121        1122  0.933464882457062     
        1122        1123  0.995156267624511     
        1123        1124  0.966600881470415     
        1123        1125  0.914570383983938     
        1125        1126   1.13964442881353     
        1125        1127  0.861378526128947     
        1124        1128  0.976353893865105     
        1127        1128  0.958175725294392     
        1128        1129  0.975859346945185     
        1129        1130   1.03650069509337     
        1130        1131   1.57293566053322     
        1130        1132   1.24112617121120     
        1131        1132  0.127455698510819     
        1132        1133   1.33792626111364     
        1132        1134  0.114676727476851     
        1133        1134   1.39903393783007     
        1133        1135   1.14087685805620     
        1129        1136   1.22714930579328     
        1135        1136   1.61733408622897     
        1122        1137  0.946316726451515     
        1122        1138  0.961235688226929     
        1123        1139  0.947528647403535     
        1125        1140  0.910519271171320     
        1127        1141  0.959919191442385     
        1127        1142  0.960999549191941     
        1128        1143  0.902844831912545     
        1134        1144  0.843706911141006     
        1134        1145  0.894585038223621     
        1135        1146  0.946355582717574     
        1136        1147  0.943076569682714     
