330.6897
122.8524
100.2571
244.1988
103.9383
207.6537
152.0249
100.5604
94.0459
33.0022
56.1887
77.3151
22.2008
10.7780
72.4110
176.9578
38.9591
27.9273
28.2280
27.3223
27.0694
29.4715
28.9166
25.4567
17.6893
29.8727
29.9176
29.7223
23.5953
313.3198
259.4592
205.0006
221.5048
116.2958
102.7857
243.1411
101.5401
215.2375
148.7728
101.0246
67.1726
43.7940
-10.4800
66.5549
26.8414
50.8744
88.4795
27.2621
164.4201
68.0766
31.1515
27.2948
27.9025
27.1623
26.4056
29.2335
28.3927
25.4676
23.8261
18.2654
24.9536
27.8242
313.2170
251.1039
205.6074
218.0777
117.8451
102.6757
246.9090
105.1573
213.5111
147.3961
99.8382
64.0147
42.4695
0.7005
67.2335
29.6108
151.7631
28.8427
31.7135
24.9550
36.8033
27.2333
27.7055
27.0953
26.4268
28.9008
28.5509
25.1319
23.4083
23.0445
22.2178
23.6141
312.9163
249.9111
205.4908
218.6594
116.7254
99.0697
239.7986
105.0988
206.7017
149.0381
100.2169
94.9779
32.6563
50.6070
74.6930
21.1386
4.6714
70.9436
169.9558
39.8106
27.0349
27.5247
27.1788
26.5576
29.6457
29.0652
25.6402
17.6675
30.7550
29.9681
30.3371
23.4765
312.5712
251.5868
207.5836
224.0350
115.7274
99.3806
233.2391
105.5511
207.7776
146.3293
97.6568
90.6433
31.1924
62.0716
35.5994
10.3821
142.3192
81.0780
35.7152
27.2352
27.5502
27.1627
26.4694
29.3836
28.9900
25.4856
21.5031
24.5903
24.7269
23.6145
310.8672
249.4159
200.6895
216.5937
115.8176
97.7404
225.1001
112.5239
276.9001
137.6064
97.0307
60.2176
42.4859
1.3688
68.3970
29.0088
157.3473
28.9136
32.6800
27.7644
37.6452
27.0826
27.6245
27.1996
26.8390
29.2082
29.2640
24.9643
23.3300
22.3693
22.7939
23.8253
333.7907
123.1474
101.3722
244.6886
102.9085
206.3660
150.9993
100.5565
94.6892
33.2533
56.7378
78.1959
22.1599
9.4487
72.0633
177.0260
38.5219
27.8835
28.2143
27.2857
27.1046
29.5138
29.0750
25.4679
17.8144
29.7329
29.8980
29.9315
23.6081
311.1588
249.4345
198.2373
220.6209
116.5681
102.7768
243.1665
102.2626
219.8407
148.2437
100.9237
65.8638
43.5068
-10.6937
66.0449
26.6526
51.1970
88.2520
26.7865
165.5711
67.3341
31.4826
27.2875
27.6055
27.1440
26.3243
29.2594
28.4599
25.5073
23.8292
18.3395
25.0700
27.7577
312.2760
259.6928
192.5764
218.3730
117.2230
102.5126
246.2587
104.1246
213.1652
147.4605
98.7551
62.7725
42.2402
0.8550
67.4493
29.7551
153.6704
28.2477
31.8559
22.7257
36.5185
27.2823
27.7835
27.1113
26.4372
28.8872
28.6219
25.1390
23.2981
22.6522
24.6926
23.5624
314.3655
259.8118
212.9198
220.6123
116.7970
99.4422
238.7415
105.4657
206.6141
149.0396
100.3267
92.7012
32.7205
50.1513
72.0614
20.1498
18.3378
69.8091
169.8175
40.0934
27.1075
27.7569
27.1736
26.5589
29.6720
29.0585
25.6494
17.3780
30.1362
29.5155
30.8804
23.5289
313.9026
262.3298
214.8333
224.1745
115.1685
99.6825
235.1779
105.3530
207.4258
146.2953
97.6728
89.8139
31.0795
62.4604
36.5566
10.7995
132.6784
81.6945
35.4569
27.2689
27.9481
27.1666
26.4988
29.3851
28.9727
25.5118
22.0139
24.8682
25.9327
23.6450
312.7559
261.3608
210.1201
217.7490
115.5571
93.6473
225.9616
112.6996
282.0240
142.2141
95.4426
60.5402
41.8414
0.8331
67.8547
29.3574
166.9061
29.1256
32.8205
24.1975
37.1596
27.1798
27.9759
27.2805
26.8610
30.4327
29.3933
29.1425
24.9219
23.2091
22.2912
26.0889
23.7344
29.9851
30.0171
30.5774
25.6817
26.0790
25.7871
25.7347
