329.1212
120.4051
97.6138
249.8042
106.7900
217.9654
138.2695
95.0197
69.0108
45.2055
7.7741
64.8292
33.0786
155.1835
30.8022
30.3212
23.1777
35.9408
27.4775
27.7417
27.1705
26.4924
29.9427
28.8224
25.2130
23.5101
22.9658
26.1511
23.5153
30.3702
323.5669
263.3316
222.6389
247.4985
120.9600
104.7122
245.6728
109.1392
225.2471
142.3962
100.4565
87.6745
27.0659
40.3878
65.1956
17.8850
12.6553
71.0295
172.3857
40.7760
27.5766
27.8660
27.3343
26.7065
29.6214
29.3272
25.6111
16.5766
31.3044
30.5824
30.2321
24.0316
319.1980
258.1752
208.9860
245.4009
119.6723
101.5179
249.5861
110.6505
221.8138
140.6512
99.6122
66.3522
48.2601
-14.4433
66.4561
26.0582
19.9233
95.5702
33.0268
166.4696
82.1005
31.3811
27.4891
27.7224
27.2735
26.4476
29.4903
28.7525
25.6262
23.7772
18.3807
23.6487
25.2967
321.3363
261.8434
210.9062
247.6522
125.1794
98.4574
239.8674
114.9229
227.4816
141.8180
98.5547
61.4749
46.5384
-6.3405
68.2332
24.6755
47.5354
93.2446
34.2996
160.8801
79.0969
30.5957
27.4082
27.7068
27.5297
26.5708
29.3786
28.8139
25.4263
24.3458
17.1169
22.0836
25.8029
325.0960
264.8041
213.4837
252.0257
120.9083
100.3890
242.2431
114.2068
209.8770
140.4395
97.1030
78.6307
29.0802
45.2081
77.5550
18.8732
-11.1675
65.1658
171.5006
36.1071
27.6201
27.8763
27.2475
26.3547
29.1977
28.8481
25.0934
19.7971
30.1192
29.8414
29.8419
23.7633
212.6365
95.1770
34.4680
158.4492
81.2442
31.9130
66.8535
24.7361
38.3860
-9.2703
48.2902
66.2497
150.6776
102.3705
141.6963
115.7252
224.7400
105.4658
248.4407
124.8122
226.6709
257.9363
17.3351
24.2125
31.2769
31.7099
31.3075
25.6659
29.4382
28.9455
23.4695
25.3391
26.8079
27.7181
27.4457
27.5766
321.5409
263.5512
211.5818
252.7112
124.6264
102.3090
247.0711
112.9921
226.0670
141.7159
100.5653
79.6120
27.6985
56.9754
45.9438
27.6170
143.3573
89.1082
37.2999
27.5534
27.7706
27.5382
26.7503
29.6502
29.0169
25.5889
23.0853
22.8241
25.8682
24.1290
322.9521
262.5416
222.5349
248.4641
122.8548
104.6370
240.3328
112.1277
209.0333
143.1220
97.7845
82.1846
29.8545
31.8907
70.4052
17.5628
-2.9955
67.7722
170.0300
37.7645
27.4023
27.7708
27.4785
27.1045
29.2240
28.9505
25.5114
17.2036
29.7989
29.6809
29.7831
23.6051
319.2100
211.8201
261.8563
241.9620
120.7133
101.6043
230.3072
113.5200
290.1330
135.5809
96.6605
80.1219
26.7678
51.8440
52.8418
26.3805
146.5324
86.1510
36.8071
27.2672
27.5006
27.6075
26.9079
30.0997
29.4807
29.2951
25.3747
22.5987
24.2752
25.1010
24.2209
334.9519
124.2558
102.6692
254.5757
114.0917
236.1410
112.6428
283.5786
93.6117
71.7401
48.7023
-1.3677
65.9934
24.6127
35.5924
95.0109
34.4204
170.9682
86.4929
31.3970
27.4115
27.9787
27.6076
26.8120
27.3212
29.5349
26.0482
24.1089
17.3694
23.3924
26.8264
30.0121
319.3013
208.4149
257.1347
242.1551
121.4242
108.9355
246.1875
110.5888
243.2754
111.4141
309.1627
96.2547
72.6180
42.0885
4.4726
64.1763
32.5037
149.5272
28.9747
29.2121
18.7797
32.2662
27.0767
27.2945
27.2363
26.5829
26.6373
29.4487
24.8556
23.8079
23.5777
26.0626
23.9103
320.0717
259.6183
215.0704
246.3766
124.2777
108.5471
269.5485
114.7726
251.8502
112.5974
296.2134
93.5586
73.3849
48.7980
5.7590
65.6805
24.7634
35.3511
97.8552
34.0415
153.8456
76.7705
31.0989
27.4147
27.6093
27.2892
26.8435
27.2259
29.0865
26.0266
24.5172
19.3896
23.1858
26.6084
319.8874
260.9817
219.2268
246.1757
124.4785
105.3429
260.1334
114.6969
253.4183
113.3924
294.9666
95.1407
98.2906
28.2156
39.9334
47.1710
26.1854
135.2589
89.7816
46.0236
27.1108
27.7764
27.2058
26.7636
27.0706
29.4245
25.8402
22.3263
23.0800
25.5609
24.0099
324.5365
261.9791
218.5999
250.9342
124.4076
107.8121
271.8836
113.9352
258.1434
110.4368
297.5334
88.6497
71.2026
44.4195
0.7129
63.5146
30.9534
140.8864
24.3251
29.6490
31.2338
32.6899
27.5773
27.6526
27.1175
26.7175
26.6897
28.8346
25.4973
24.1739
22.4013
22.4107
24.0777
320.6402
263.7798
217.0697
251.7462
126.5643
106.5535
267.9600
112.9537
255.7673
111.6599
304.8246
93.0056
91.5458
27.2650
49.9198
42.5692
27.5288
143.9223
90.2511
40.3343
27.4094
27.8322
27.3914
27.0737
27.3371
29.5915
26.1328
22.5499
26.6375
25.5016
24.1053
322.3374
264.6846
210.7337
255.5441
125.0399
108.3059
265.2765
113.6641
257.5049
112.9524
300.1095
87.9450
88.9905
26.1703
61.7250
48.5409
26.7654
127.4061
87.3815
38.8915
27.6155
27.7219
27.2091
26.7920
26.8589
29.3577
26.0438
21.7231
24.8473
26.0748
23.9020
323.6355
264.8437
210.8649
252.3752
125.3515
107.0011
270.5171
115.0987
253.9888
110.1074
295.4341
92.6811
70.5274
44.9302
4.6620
63.9746
31.9533
141.0786
28.6627
31.7360
28.4822
36.9768
27.2046
27.9080
27.0588
26.5641
27.3359
29.3227
25.7247
23.6623
21.7327
24.5906
24.0354
319.7628
265.6180
208.4763
251.7081
124.3493
105.6268
261.4877
118.0578
323.7736
107.7186
302.5388
90.2026
80.0778
29.4033
34.4540
69.2700
20.4472
-16.2260
83.4215
42.5262
27.2468
28.1590
27.6552
27.5781
30.4213
28.1531
30.2436
25.7338
16.7358
27.2849
24.5640
26.0044
26.0216
26.2052
26.1262
25.9519
25.9217
25.8226
25.6400
25.6286
26.0824
26.2347
26.3416
26.2130
26.1781
26.1781
25.9529
295.4217
29.2273
29.4968
309.9237
29.8325
285.8892
28.3434
29.6467
28.1617
329.8328
29.7546
316.2960
29.7459
318.7106
28.6793
30.2621
28.7888
30.0641
310.9567
24.9890
290.0808
27.4169
30.2938
28.3188
320.3083
29.7406
29.2009
321.8184
28.3335
29.3078
302.9053
29.2873
28.3570
307.1701
29.6172
26.5386
298.9227
29.6100
323.5464
28.8536
29.8214
29.7257
318.7106
28.6793
30.2621
28.7888
30.0641
310.9567
24.9890
290.0808
27.4169
30.2938
28.3188
320.3083
29.7406
29.2009
321.8184
28.3335
29.3078
302.9053
29.2873
28.3570
307.1701
29.6172
26.5386
298.9227
29.6100
323.5464
28.8536
29.8214
29.7257
318.7106
28.6793
30.2621
28.7888
30.0641
310.9567
24.9890
290.0808
27.4169
30.2938
28.3188
320.3083
29.7406
29.2009
321.8184
28.3335
29.3078
302.9053
29.2873
28.3570
307.1701
29.6172
26.5386
298.9227
29.6100
323.5464
28.8536
29.8214
29.7257
318.7106
28.6793
30.2621
28.7888
30.0641
310.9567
24.9890
290.0808
